(kicad_pcb (version 20171130) (host pcbnew "(6.0.0-rc1-dev-332-g00d912f0b)")

  (general
    (thickness 1.6)
    (drawings 98)
    (tracks 673)
    (zones 0)
    (modules 68)
    (nets 92)
  )

  (page A4)
  (layers
    (0 F.Cu signal)
    (31 B.Cu signal)
    (32 B.Adhes user hide)
    (33 F.Adhes user)
    (34 B.Paste user hide)
    (35 F.Paste user)
    (36 B.SilkS user)
    (37 F.SilkS user)
    (38 B.Mask user hide)
    (39 F.Mask user)
    (40 Dwgs.User user)
    (41 Cmts.User user)
    (42 Eco1.User user)
    (43 Eco2.User user)
    (44 Edge.Cuts user)
    (45 Margin user)
    (46 B.CrtYd user)
    (47 F.CrtYd user)
    (48 B.Fab user hide)
    (49 F.Fab user hide)
  )

  (setup
    (last_trace_width 0.16)
    (trace_clearance 0.16)
    (zone_clearance 0.25)
    (zone_45_only no)
    (trace_min 0.16)
    (via_size 0.6)
    (via_drill 0.35)
    (via_min_size 0.4)
    (via_min_drill 0.3)
    (uvia_size 0.3)
    (uvia_drill 0.1)
    (uvias_allowed no)
    (uvia_min_size 0.2)
    (uvia_min_drill 0.1)
    (edge_width 0.05)
    (segment_width 0.2)
    (pcb_text_width 0.3)
    (pcb_text_size 1.5 1.5)
    (mod_edge_width 0.12)
    (mod_text_size 1 1)
    (mod_text_width 0.15)
    (pad_size 1.524 1.524)
    (pad_drill 0.762)
    (pad_to_mask_clearance 0.16)
    (aux_axis_origin 0 0)
    (visible_elements 7FFDFF7F)
    (pcbplotparams
      (layerselection 0x010fc_ffffffff)
      (usegerberextensions true)
      (usegerberattributes false)
      (usegerberadvancedattributes false)
      (creategerberjobfile false)
      (excludeedgelayer true)
      (linewidth 0.100000)
      (plotframeref false)
      (viasonmask false)
      (mode 1)
      (useauxorigin false)
      (hpglpennumber 1)
      (hpglpenspeed 20)
      (hpglpendiameter 15.000000)
      (psnegative false)
      (psa4output false)
      (plotreference true)
      (plotvalue true)
      (plotinvisibletext false)
      (padsonsilk false)
      (subtractmaskfromsilk false)
      (outputformat 1)
      (mirror false)
      (drillshape 0)
      (scaleselection 1)
      (outputdirectory "./gerb/"))
  )

  (net 0 "")
  (net 1 VDD)
  (net 2 GND)
  (net 3 /LED3_G)
  (net 4 /LED3_R)
  (net 5 /SWDCLK)
  (net 6 /LED1_R)
  (net 7 /LED1_G)
  (net 8 /LED1_B)
  (net 9 /LED2_R)
  (net 10 /LED2_G)
  (net 11 /LED3_B)
  (net 12 /LED4_R)
  (net 13 /LED4_G)
  (net 14 /LED4_B)
  (net 15 "Net-(C14-Pad2)")
  (net 16 /LED2_B)
  (net 17 "Net-(LS1-Pad2)")
  (net 18 /SPEAKER_SD)
  (net 19 "Net-(LS1-Pad1)")
  (net 20 /VIBRATOR)
  (net 21 "Net-(C7-Pad2)")
  (net 22 /ACCEL_INT)
  (net 23 /SPEAKER)
  (net 24 /USB_D-)
  (net 25 /USB_D+)
  (net 26 /SWDIO)
  (net 27 "Net-(C11-Pad2)")
  (net 28 VBUS)
  (net 29 +BATT)
  (net 30 /BTN_UP)
  (net 31 /BTN_DOWN)
  (net 32 /BTN_SELECT)
  (net 33 /BTN_BACK)
  (net 34 "Net-(D6-Pad1)")
  (net 35 "Net-(D7-Pad3)")
  (net 36 "Net-(D7-Pad1)")
  (net 37 "Net-(D6-Pad3)")
  (net 38 "Net-(D6-Pad2)")
  (net 39 "Net-(D7-Pad2)")
  (net 40 "Net-(U5-Pad9)")
  (net 41 /QSPI_IO3)
  (net 42 /QSPI_IO0)
  (net 43 /QSPI_CS)
  (net 44 /QSPI_IO1)
  (net 45 /QSPI_IO2)
  (net 46 /QSPI_CLK)
  (net 47 "Net-(C5-Pad2)")
  (net 48 "Net-(C10-Pad2)")
  (net 49 "Net-(C12-Pad2)")
  (net 50 "Net-(C13-Pad2)")
  (net 51 "Net-(C9-Pad2)")
  (net 52 "Net-(R2-Pad2)")
  (net 53 "Net-(R1-Pad2)")
  (net 54 "Net-(R5-Pad1)")
  (net 55 "Net-(D9-Pad2)")
  (net 56 /Peripherals/RESE)
  (net 57 /Peripherals/GDR)
  (net 58 "Net-(D9-Pad3)")
  (net 59 "Net-(D8-Pad3)")
  (net 60 "Net-(D8-Pad2)")
  (net 61 "Net-(D8-Pad1)")
  (net 62 "Net-(D9-Pad1)")
  (net 63 "Net-(U2-Pad16)")
  (net 64 "Net-(U2-Pad15)")
  (net 65 "Net-(U2-Pad14)")
  (net 66 "Net-(U2-Pad23)")
  (net 67 "Net-(U2-Pad24)")
  (net 68 "Net-(U2-Pad25)")
  (net 69 "Net-(U2-Pad26)")
  (net 70 "Net-(U2-Pad27)")
  (net 71 "Net-(U2-Pad28)")
  (net 72 "Net-(U2-Pad29)")
  (net 73 "Net-(U2-Pad30)")
  (net 74 "Net-(U2-Pad31)")
  (net 75 "Net-(C1-Pad2)")
  (net 76 "Net-(C18-Pad1)")
  (net 77 "Net-(C7-Pad1)")
  (net 78 /Peripherals/PREVGL)
  (net 79 /Peripherals/PREVGH)
  (net 80 "Net-(J1-Pad4)")
  (net 81 "Net-(C15-Pad2)")
  (net 82 /EINK_MOSI)
  (net 83 /EINK_SCK)
  (net 84 /EINK_CS)
  (net 85 /EINK_DC)
  (net 86 /EINK_RESET)
  (net 87 /EINK_BUSY)
  (net 88 "Net-(U6-Pad7)")
  (net 89 "Net-(U6-Pad6)")
  (net 90 /I2C_SDA)
  (net 91 /I2C_SCL)

  (net_class Default "This is the default net class."
    (clearance 0.16)
    (trace_width 0.16)
    (via_dia 0.6)
    (via_drill 0.35)
    (uvia_dia 0.3)
    (uvia_drill 0.1)
    (add_net /ACCEL_INT)
    (add_net /BTN_BACK)
    (add_net /BTN_DOWN)
    (add_net /BTN_SELECT)
    (add_net /BTN_UP)
    (add_net /EINK_BUSY)
    (add_net /EINK_CS)
    (add_net /EINK_DC)
    (add_net /EINK_MOSI)
    (add_net /EINK_RESET)
    (add_net /EINK_SCK)
    (add_net /I2C_SCL)
    (add_net /I2C_SDA)
    (add_net /LED1_B)
    (add_net /LED1_G)
    (add_net /LED1_R)
    (add_net /LED2_B)
    (add_net /LED2_G)
    (add_net /LED2_R)
    (add_net /LED3_B)
    (add_net /LED3_G)
    (add_net /LED3_R)
    (add_net /LED4_B)
    (add_net /LED4_G)
    (add_net /LED4_R)
    (add_net /Peripherals/GDR)
    (add_net /Peripherals/PREVGH)
    (add_net /Peripherals/PREVGL)
    (add_net /Peripherals/RESE)
    (add_net /QSPI_CLK)
    (add_net /QSPI_CS)
    (add_net /QSPI_IO0)
    (add_net /QSPI_IO1)
    (add_net /QSPI_IO2)
    (add_net /QSPI_IO3)
    (add_net /SPEAKER)
    (add_net /SPEAKER_SD)
    (add_net /SWDCLK)
    (add_net /SWDIO)
    (add_net /USB_D+)
    (add_net /USB_D-)
    (add_net /VIBRATOR)
    (add_net GND)
    (add_net "Net-(C1-Pad2)")
    (add_net "Net-(C10-Pad2)")
    (add_net "Net-(C11-Pad2)")
    (add_net "Net-(C12-Pad2)")
    (add_net "Net-(C13-Pad2)")
    (add_net "Net-(C14-Pad2)")
    (add_net "Net-(C15-Pad2)")
    (add_net "Net-(C18-Pad1)")
    (add_net "Net-(C5-Pad2)")
    (add_net "Net-(C7-Pad1)")
    (add_net "Net-(C7-Pad2)")
    (add_net "Net-(C9-Pad2)")
    (add_net "Net-(D6-Pad1)")
    (add_net "Net-(D6-Pad2)")
    (add_net "Net-(D6-Pad3)")
    (add_net "Net-(D7-Pad1)")
    (add_net "Net-(D7-Pad2)")
    (add_net "Net-(D7-Pad3)")
    (add_net "Net-(D8-Pad1)")
    (add_net "Net-(D8-Pad2)")
    (add_net "Net-(D8-Pad3)")
    (add_net "Net-(D9-Pad1)")
    (add_net "Net-(D9-Pad2)")
    (add_net "Net-(D9-Pad3)")
    (add_net "Net-(J1-Pad4)")
    (add_net "Net-(LS1-Pad1)")
    (add_net "Net-(LS1-Pad2)")
    (add_net "Net-(R1-Pad2)")
    (add_net "Net-(R2-Pad2)")
    (add_net "Net-(R5-Pad1)")
    (add_net "Net-(U2-Pad14)")
    (add_net "Net-(U2-Pad15)")
    (add_net "Net-(U2-Pad16)")
    (add_net "Net-(U2-Pad23)")
    (add_net "Net-(U2-Pad24)")
    (add_net "Net-(U2-Pad25)")
    (add_net "Net-(U2-Pad26)")
    (add_net "Net-(U2-Pad27)")
    (add_net "Net-(U2-Pad28)")
    (add_net "Net-(U2-Pad29)")
    (add_net "Net-(U2-Pad30)")
    (add_net "Net-(U2-Pad31)")
    (add_net "Net-(U5-Pad9)")
    (add_net "Net-(U6-Pad6)")
    (add_net "Net-(U6-Pad7)")
  )

  (net_class Power ""
    (clearance 0.2)
    (trace_width 0.25)
    (via_dia 0.6)
    (via_drill 0.35)
    (uvia_dia 0.3)
    (uvia_drill 0.1)
    (add_net +BATT)
    (add_net VBUS)
    (add_net VDD)
  )

  (module Connector_Badgelife:SAO-2x2 (layer F.Cu) (tedit 5BA7FEED) (tstamp 5BAD148D)
    (at 177.2 67.15)
    (descr "Through hole angled pin header, 2x02, 2.54mm pitch, 6mm pin length, double rows")
    (tags "Through hole angled pin header THT 2x02 2.54mm double row")
    (path /5D44F2D7)
    (fp_text reference X1 (at 0 0) (layer F.Fab)
      (effects (font (size 1 1) (thickness 0.15)))
    )
    (fp_text value SAO (at 0 4.2) (layer F.Fab)
      (effects (font (size 1 1) (thickness 0.15)))
    )
    (fp_text user SDA (at 2.4 -0.05) (layer B.SilkS)
      (effects (font (size 0.7 0.7) (thickness 0.1)) (justify mirror))
    )
    (fp_circle (center -2.54 -2.54) (end -2.14 -2.54) (layer F.SilkS) (width 0.15))
    (fp_text user SCL (at 2.54 2.54) (layer B.SilkS)
      (effects (font (size 0.7 0.7) (thickness 0.1)) (justify mirror))
    )
    (fp_text user GND (at -2.54 2.54) (layer B.SilkS)
      (effects (font (size 0.7 0.7) (thickness 0.1)) (justify mirror))
    )
    (fp_text user VCC (at -3.2 -2.05) (layer B.SilkS)
      (effects (font (size 0.7 0.7) (thickness 0.1)) (justify mirror))
    )
    (pad 4 thru_hole circle (at 1.27 -1.27) (size 1.7 1.7) (drill 1) (layers *.Cu *.Mask)
      (net 90 /I2C_SDA))
    (pad 3 thru_hole oval (at 1.27 1.27) (size 1.7 1.7) (drill 1) (layers *.Cu *.Mask)
      (net 91 /I2C_SCL))
    (pad 1 thru_hole oval (at -1.27 -1.27) (size 1.7 1.7) (drill 1) (layers *.Cu *.Mask)
      (net 1 VDD))
    (pad 2 thru_hole oval (at -1.27 1.27) (size 1.7 1.7) (drill 1) (layers *.Cu *.Mask)
      (net 2 GND))
    (model ${KISYS3DMOD}/Pin_Headers.3dshapes/Pin_Header_Angled_2x02_Pitch2.54mm.wrl
      (at (xyz 0 0 0))
      (scale (xyz 1 1 1))
      (rotate (xyz 0 0 0))
    )
  )

  (module Inductor_SMD:L_Taiyo-Yuden_MD-3030 (layer B.Cu) (tedit 5990349C) (tstamp 5BA6F0F2)
    (at 175.8 94.6 270)
    (descr "Inductor, Taiyo Yuden, MD series, Taiyo-Yuden_MD-3030, 3.0mmx3.0mm")
    (tags "inductor taiyo-yuden md smd")
    (path /5D09C829/5D0EC3DE)
    (attr smd)
    (fp_text reference L1 (at 0 2.5 270) (layer B.SilkS) hide
      (effects (font (size 1 1) (thickness 0.15)) (justify mirror))
    )
    (fp_text value "10uH 1A" (at 0 -3 270) (layer B.Fab)
      (effects (font (size 1 1) (thickness 0.15)) (justify mirror))
    )
    (fp_text user %R (at 0 0 270) (layer B.Fab)
      (effects (font (size 0.7 0.7) (thickness 0.105)) (justify mirror))
    )
    (fp_line (start -1.5 1.5) (end -1.5 -1.5) (layer B.Fab) (width 0.1))
    (fp_line (start -1.5 -1.5) (end 1.5 -1.5) (layer B.Fab) (width 0.1))
    (fp_line (start 1.5 -1.5) (end 1.5 1.5) (layer B.Fab) (width 0.1))
    (fp_line (start 1.5 1.5) (end -1.5 1.5) (layer B.Fab) (width 0.1))
    (fp_line (start -1.5 1.6) (end 1.5 1.6) (layer B.SilkS) (width 0.12))
    (fp_line (start -1.5 -1.6) (end 1.5 -1.6) (layer B.SilkS) (width 0.12))
    (fp_line (start -1.8 1.8) (end -1.8 -1.8) (layer B.CrtYd) (width 0.05))
    (fp_line (start -1.8 -1.8) (end 1.8 -1.8) (layer B.CrtYd) (width 0.05))
    (fp_line (start 1.8 -1.8) (end 1.8 1.8) (layer B.CrtYd) (width 0.05))
    (fp_line (start 1.8 1.8) (end -1.8 1.8) (layer B.CrtYd) (width 0.05))
    (pad 1 smd rect (at -1.1 0 270) (size 0.8 2.7) (layers B.Cu B.Paste B.Mask)
      (net 77 "Net-(C7-Pad1)"))
    (pad 2 smd rect (at 1.1 0 270) (size 0.8 2.7) (layers B.Cu B.Paste B.Mask)
      (net 1 VDD))
    (model ${KISYS3DMOD}/Inductor_SMD.3dshapes/L_Bourns_SRN6045TA.step
      (at (xyz 0 0 0))
      (scale (xyz 0.45 0.45 0.45))
      (rotate (xyz 0 0 0))
    )
  )

  (module Buzzer_Beeper_Extra:C1026B (layer B.Cu) (tedit 5BA2C8A0) (tstamp 5BA351B5)
    (at 153.3 88.45 155)
    (path /5D09C829/5D0FB5A4)
    (fp_text reference M1 (at 0 5.85 155) (layer B.SilkS) hide
      (effects (font (size 1 1) (thickness 0.15)) (justify mirror))
    )
    (fp_text value Vibrator (at 0 0 155) (layer B.Fab)
      (effects (font (size 1 1) (thickness 0.15)) (justify mirror))
    )
    (fp_arc (start -1.25 -10) (end -1.75 -10) (angle 90) (layer B.SilkS) (width 0.15))
    (fp_arc (start 1.25 -10) (end 1.25 -10.5) (angle 90) (layer B.SilkS) (width 0.15))
    (fp_line (start -1.75 -10) (end -1.75 -4.7) (layer B.SilkS) (width 0.15))
    (fp_line (start 1.25 -10.5) (end -1.25 -10.5) (layer B.SilkS) (width 0.15))
    (fp_line (start 1.75 -10) (end 1.75 -4.7) (layer B.SilkS) (width 0.15))
    (fp_circle (center 0 0) (end 5 0) (layer B.SilkS) (width 0.15))
    (pad 1 smd rect (at -0.95 -12.15 155) (size 1.524 1.524) (layers B.Cu B.Paste B.Mask)
      (net 1 VDD))
    (pad 2 smd rect (at 0.95 -12.15 155) (size 1.524 1.524) (layers B.Cu B.Paste B.Mask)
      (net 76 "Net-(C18-Pad1)"))
    (model ${KIPRJMOD}/modules/packages3d/Buzzer_Beeper.3dshapes/C1026B.step
      (offset (xyz 0 -0.5 0))
      (scale (xyz 0.95 0.95 0.95))
      (rotate (xyz 0 0 -90))
    )
  )

  (module Resistor_SMD:R_0603_1608Metric (layer F.Cu) (tedit 5B301BBD) (tstamp 5BA1A6AD)
    (at 166.4 84.6625 180)
    (descr "Resistor SMD 0603 (1608 Metric), square (rectangular) end terminal, IPC_7351 nominal, (Body size source: http://www.tortai-tech.com/upload/download/2011102023233369053.pdf), generated with kicad-footprint-generator")
    (tags resistor)
    (path /5BACEBF5)
    (attr smd)
    (fp_text reference R2 (at 0 -1.43 180) (layer F.SilkS) hide
      (effects (font (size 1 1) (thickness 0.15)))
    )
    (fp_text value 22R (at 0 1.43 180) (layer F.Fab)
      (effects (font (size 1 1) (thickness 0.15)))
    )
    (fp_text user %R (at 0 0 180) (layer F.Fab)
      (effects (font (size 0.4 0.4) (thickness 0.06)))
    )
    (fp_line (start 1.48 0.73) (end -1.48 0.73) (layer F.CrtYd) (width 0.05))
    (fp_line (start 1.48 -0.73) (end 1.48 0.73) (layer F.CrtYd) (width 0.05))
    (fp_line (start -1.48 -0.73) (end 1.48 -0.73) (layer F.CrtYd) (width 0.05))
    (fp_line (start -1.48 0.73) (end -1.48 -0.73) (layer F.CrtYd) (width 0.05))
    (fp_line (start -0.162779 0.51) (end 0.162779 0.51) (layer F.SilkS) (width 0.12))
    (fp_line (start -0.162779 -0.51) (end 0.162779 -0.51) (layer F.SilkS) (width 0.12))
    (fp_line (start 0.8 0.4) (end -0.8 0.4) (layer F.Fab) (width 0.1))
    (fp_line (start 0.8 -0.4) (end 0.8 0.4) (layer F.Fab) (width 0.1))
    (fp_line (start -0.8 -0.4) (end 0.8 -0.4) (layer F.Fab) (width 0.1))
    (fp_line (start -0.8 0.4) (end -0.8 -0.4) (layer F.Fab) (width 0.1))
    (pad 2 smd roundrect (at 0.7875 0 180) (size 0.875 0.95) (layers F.Cu F.Paste F.Mask) (roundrect_rratio 0.25)
      (net 52 "Net-(R2-Pad2)"))
    (pad 1 smd roundrect (at -0.7875 0 180) (size 0.875 0.95) (layers F.Cu F.Paste F.Mask) (roundrect_rratio 0.25)
      (net 24 /USB_D-))
    (model ${KISYS3DMOD}/Resistor_SMD.3dshapes/R_0603_1608Metric.wrl
      (at (xyz 0 0 0))
      (scale (xyz 1 1 1))
      (rotate (xyz 0 0 0))
    )
  )

  (module Resistor_SMD:R_0603_1608Metric (layer F.Cu) (tedit 5B301BBD) (tstamp 5BA1A713)
    (at 166.4 83.1375 180)
    (descr "Resistor SMD 0603 (1608 Metric), square (rectangular) end terminal, IPC_7351 nominal, (Body size source: http://www.tortai-tech.com/upload/download/2011102023233369053.pdf), generated with kicad-footprint-generator")
    (tags resistor)
    (path /5BACE80C)
    (attr smd)
    (fp_text reference R1 (at 0 -1.43 180) (layer F.SilkS) hide
      (effects (font (size 1 1) (thickness 0.15)))
    )
    (fp_text value 22R (at 0 1.43 180) (layer F.Fab)
      (effects (font (size 1 1) (thickness 0.15)))
    )
    (fp_text user %R (at 0 0 180) (layer F.Fab)
      (effects (font (size 0.4 0.4) (thickness 0.06)))
    )
    (fp_line (start 1.48 0.73) (end -1.48 0.73) (layer F.CrtYd) (width 0.05))
    (fp_line (start 1.48 -0.73) (end 1.48 0.73) (layer F.CrtYd) (width 0.05))
    (fp_line (start -1.48 -0.73) (end 1.48 -0.73) (layer F.CrtYd) (width 0.05))
    (fp_line (start -1.48 0.73) (end -1.48 -0.73) (layer F.CrtYd) (width 0.05))
    (fp_line (start -0.162779 0.51) (end 0.162779 0.51) (layer F.SilkS) (width 0.12))
    (fp_line (start -0.162779 -0.51) (end 0.162779 -0.51) (layer F.SilkS) (width 0.12))
    (fp_line (start 0.8 0.4) (end -0.8 0.4) (layer F.Fab) (width 0.1))
    (fp_line (start 0.8 -0.4) (end 0.8 0.4) (layer F.Fab) (width 0.1))
    (fp_line (start -0.8 -0.4) (end 0.8 -0.4) (layer F.Fab) (width 0.1))
    (fp_line (start -0.8 0.4) (end -0.8 -0.4) (layer F.Fab) (width 0.1))
    (pad 2 smd roundrect (at 0.7875 0 180) (size 0.875 0.95) (layers F.Cu F.Paste F.Mask) (roundrect_rratio 0.25)
      (net 53 "Net-(R1-Pad2)"))
    (pad 1 smd roundrect (at -0.7875 0 180) (size 0.875 0.95) (layers F.Cu F.Paste F.Mask) (roundrect_rratio 0.25)
      (net 25 /USB_D+))
    (model ${KISYS3DMOD}/Resistor_SMD.3dshapes/R_0603_1608Metric.wrl
      (at (xyz 0 0 0))
      (scale (xyz 1 1 1))
      (rotate (xyz 0 0 0))
    )
  )

  (module RF_Module_Extra:Holyiot_18010 (layer F.Cu) (tedit 5BA013E6) (tstamp 5BA3859F)
    (at 154.4 88.8 90)
    (path /5BA10E8A)
    (fp_text reference U2 (at 0 10.7 90) (layer F.SilkS) hide
      (effects (font (size 1 1) (thickness 0.15)))
    )
    (fp_text value Holyiot_18010 (at 0 -10.25 90) (layer F.Fab)
      (effects (font (size 1 1) (thickness 0.15)))
    )
    (fp_line (start -6.75 -6.35) (end 6.75 -9) (layer F.Fab) (width 0.12))
    (fp_line (start 6.75 -6.35) (end -6.75 -9) (layer F.Fab) (width 0.12))
    (fp_line (start -6.75 -6.35) (end 6.75 -6.35) (layer F.Fab) (width 0.12))
    (fp_line (start -6.9 8.15) (end -6.9 9.15) (layer F.SilkS) (width 0.15))
    (fp_line (start -6.9 9.15) (end -6.15 9.15) (layer F.SilkS) (width 0.15))
    (fp_line (start 6.15 9.15) (end 6.9 9.15) (layer F.SilkS) (width 0.15))
    (fp_line (start 6.9 8.15) (end 6.9 9.15) (layer F.SilkS) (width 0.15))
    (fp_line (start -6.9 -6.35) (end -7.3 -6.35) (layer F.SilkS) (width 0.15))
    (fp_line (start 6.9 -9.15) (end 6.9 -6.35) (layer F.SilkS) (width 0.15))
    (fp_line (start -6.9 -9.15) (end 6.9 -9.15) (layer F.SilkS) (width 0.15))
    (fp_line (start -6.9 -6.35) (end -6.9 -9.15) (layer F.SilkS) (width 0.15))
    (fp_line (start 6.75 -9) (end 6.75 9) (layer F.Fab) (width 0.12))
    (fp_line (start -6.75 -9) (end -6.75 9) (layer F.Fab) (width 0.12))
    (fp_line (start -6.75 9) (end 6.75 9) (layer F.Fab) (width 0.12))
    (fp_line (start -6.75 -9) (end 6.75 -9) (layer F.Fab) (width 0.12))
    (pad 31 smd rect (at 4.25 5.3 90) (size 1 0.8) (layers F.Cu F.Paste F.Mask)
      (net 74 "Net-(U2-Pad31)"))
    (pad 30 smd rect (at 4.25 4.2 90) (size 1 0.8) (layers F.Cu F.Paste F.Mask)
      (net 73 "Net-(U2-Pad30)"))
    (pad 29 smd rect (at 4.25 3.1 90) (size 1 0.8) (layers F.Cu F.Paste F.Mask)
      (net 72 "Net-(U2-Pad29)"))
    (pad 28 smd rect (at 4.25 2 90) (size 1 0.8) (layers F.Cu F.Paste F.Mask)
      (net 71 "Net-(U2-Pad28)"))
    (pad 27 smd rect (at 4.25 0.9 90) (size 1 0.8) (layers F.Cu F.Paste F.Mask)
      (net 70 "Net-(U2-Pad27)"))
    (pad 26 smd rect (at 4.25 -0.2 90) (size 1 0.8) (layers F.Cu F.Paste F.Mask)
      (net 69 "Net-(U2-Pad26)"))
    (pad 25 smd rect (at 4.25 -1.3 90) (size 1 0.8) (layers F.Cu F.Paste F.Mask)
      (net 68 "Net-(U2-Pad25)"))
    (pad 24 smd rect (at 4.25 -2.4 90) (size 1 0.8) (layers F.Cu F.Paste F.Mask)
      (net 67 "Net-(U2-Pad24)"))
    (pad 23 smd rect (at 4.25 -3.5 90) (size 1 0.8) (layers F.Cu F.Paste F.Mask)
      (net 66 "Net-(U2-Pad23)"))
    (pad 14 smd rect (at -4.25 -3.5 90) (size 1 0.8) (layers F.Cu F.Paste F.Mask)
      (net 65 "Net-(U2-Pad14)"))
    (pad 15 smd rect (at -4.25 -2.4 90) (size 1 0.8) (layers F.Cu F.Paste F.Mask)
      (net 64 "Net-(U2-Pad15)"))
    (pad 16 smd rect (at -4.25 -1.3 90) (size 1 0.8) (layers F.Cu F.Paste F.Mask)
      (net 63 "Net-(U2-Pad16)"))
    (pad 17 smd rect (at -4.25 -0.2 90) (size 1 0.8) (layers F.Cu F.Paste F.Mask)
      (net 83 /EINK_SCK))
    (pad 18 smd rect (at -4.25 0.9 90) (size 1 0.8) (layers F.Cu F.Paste F.Mask)
      (net 82 /EINK_MOSI))
    (pad 19 smd rect (at -4.25 2 90) (size 1 0.8) (layers F.Cu F.Paste F.Mask)
      (net 84 /EINK_CS))
    (pad 20 smd rect (at -4.25 3.1 90) (size 1 0.8) (layers F.Cu F.Paste F.Mask)
      (net 85 /EINK_DC))
    (pad 21 smd rect (at -4.25 4.2 90) (size 1 0.8) (layers F.Cu F.Paste F.Mask)
      (net 86 /EINK_RESET))
    (pad 22 smd rect (at -4.25 5.3 90) (size 1 0.8) (layers F.Cu F.Paste F.Mask)
      (net 87 /EINK_BUSY))
    (pad 55 smd oval (at -5.5 9 180) (size 1.7 0.85) (layers F.Cu F.Paste F.Mask)
      (net 1 VDD))
    (pad 54 smd oval (at -4.4 9 180) (size 1.7 0.85) (layers F.Cu F.Paste F.Mask)
      (net 14 /LED4_B))
    (pad 53 smd oval (at -3.3 9 180) (size 1.7 0.85) (layers F.Cu F.Paste F.Mask)
      (net 12 /LED4_R))
    (pad 52 smd oval (at -2.2 9 180) (size 1.7 0.85) (layers F.Cu F.Paste F.Mask)
      (net 13 /LED4_G))
    (pad 51 smd oval (at -1.1 9 180) (size 1.7 0.85) (layers F.Cu F.Paste F.Mask)
      (net 90 /I2C_SDA))
    (pad 50 smd oval (at 0 9 180) (size 1.7 0.85) (layers F.Cu F.Paste F.Mask)
      (net 91 /I2C_SCL))
    (pad 49 smd oval (at 1.1 9 180) (size 1.7 0.85) (layers F.Cu F.Paste F.Mask)
      (net 22 /ACCEL_INT))
    (pad 48 smd oval (at 2.2 9 180) (size 1.7 0.85) (layers F.Cu F.Paste F.Mask)
      (net 32 /BTN_SELECT))
    (pad 47 smd oval (at 3.3 9 180) (size 1.7 0.85) (layers F.Cu F.Paste F.Mask)
      (net 28 VBUS))
    (pad 46 smd oval (at 4.4 9 180) (size 1.7 0.85) (layers F.Cu F.Paste F.Mask)
      (net 52 "Net-(R2-Pad2)"))
    (pad 45 smd oval (at 5.5 9 180) (size 1.7 0.85) (layers F.Cu F.Paste F.Mask)
      (net 53 "Net-(R1-Pad2)"))
    (pad 44 smd oval (at 6.75 7.5 90) (size 1.7 0.85) (layers F.Cu F.Paste F.Mask)
      (net 2 GND))
    (pad 43 smd oval (at 6.75 6.4 90) (size 1.7 0.85) (layers F.Cu F.Paste F.Mask)
      (net 9 /LED2_R))
    (pad 42 smd oval (at 6.75 5.3 90) (size 1.7 0.85) (layers F.Cu F.Paste F.Mask)
      (net 10 /LED2_G))
    (pad 41 smd oval (at 6.75 4.2 90) (size 1.7 0.85) (layers F.Cu F.Paste F.Mask)
      (net 16 /LED2_B))
    (pad 40 smd oval (at 6.75 3.1 90) (size 1.7 0.85) (layers F.Cu F.Paste F.Mask)
      (net 30 /BTN_UP))
    (pad 39 smd oval (at 6.75 2 90) (size 1.7 0.85) (layers F.Cu F.Paste F.Mask)
      (net 23 /SPEAKER))
    (pad 38 smd oval (at 6.75 0.9 90) (size 1.7 0.85) (layers F.Cu F.Paste F.Mask)
      (net 26 /SWDIO))
    (pad 37 smd oval (at 6.75 -0.2 90) (size 1.7 0.85) (layers F.Cu F.Paste F.Mask)
      (net 5 /SWDCLK))
    (pad 36 smd oval (at 6.75 -1.3 90) (size 1.7 0.85) (layers F.Cu F.Paste F.Mask)
      (net 18 /SPEAKER_SD))
    (pad 35 smd oval (at 6.75 -2.4 90) (size 1.7 0.85) (layers F.Cu F.Paste F.Mask)
      (net 8 /LED1_B))
    (pad 34 smd oval (at 6.75 -3.5 90) (size 1.7 0.85) (layers F.Cu F.Paste F.Mask)
      (net 6 /LED1_R))
    (pad 33 smd oval (at 6.75 -4.6 90) (size 1.7 0.85) (layers F.Cu F.Paste F.Mask)
      (net 7 /LED1_G))
    (pad 32 smd oval (at 6.75 -5.7 90) (size 1.7 0.85) (layers F.Cu F.Paste F.Mask)
      (net 2 GND))
    (pad 13 smd oval (at -6.75 7.5 90) (size 1.7 0.85) (layers F.Cu F.Paste F.Mask)
      (net 31 /BTN_DOWN))
    (pad 12 smd oval (at -6.75 6.4 90) (size 1.7 0.85) (layers F.Cu F.Paste F.Mask)
      (net 43 /QSPI_CS))
    (pad 11 smd oval (at -6.75 5.3 90) (size 1.7 0.85) (layers F.Cu F.Paste F.Mask)
      (net 44 /QSPI_IO1))
    (pad 10 smd oval (at -6.75 4.2 90) (size 1.7 0.85) (layers F.Cu F.Paste F.Mask)
      (net 45 /QSPI_IO2))
    (pad 9 smd oval (at -6.75 3.1 90) (size 1.7 0.85) (layers F.Cu F.Paste F.Mask)
      (net 42 /QSPI_IO0))
    (pad 8 smd oval (at -6.75 2 90) (size 1.7 0.85) (layers F.Cu F.Paste F.Mask)
      (net 46 /QSPI_CLK))
    (pad 7 smd oval (at -6.75 0.9 90) (size 1.7 0.85) (layers F.Cu F.Paste F.Mask)
      (net 41 /QSPI_IO3))
    (pad 6 smd oval (at -6.75 -0.2 90) (size 1.7 0.85) (layers F.Cu F.Paste F.Mask)
      (net 11 /LED3_B))
    (pad 5 smd oval (at -6.75 -1.3 90) (size 1.7 0.85) (layers F.Cu F.Paste F.Mask)
      (net 4 /LED3_R))
    (pad 4 smd oval (at -6.75 -2.4 90) (size 1.7 0.85) (layers F.Cu F.Paste F.Mask)
      (net 3 /LED3_G))
    (pad 3 smd oval (at -6.75 -3.5 90) (size 1.7 0.85) (layers F.Cu F.Paste F.Mask)
      (net 20 /VIBRATOR))
    (pad 2 smd oval (at -6.75 -4.6 90) (size 1.7 0.85) (layers F.Cu F.Paste F.Mask)
      (net 33 /BTN_BACK))
    (pad 1 smd oval (at -6.75 -5.7 90) (size 1.7 0.85) (layers F.Cu F.Paste F.Mask)
      (net 2 GND))
    (model ${KIPRJMOD}/modules/packages3d/RF_Module.3dshapes/Holyiot_18010.step
      (at (xyz 0 0 0))
      (scale (xyz 1 1 1))
      (rotate (xyz -90 0 0))
    )
  )

  (module Resistor_SMD:R_0603_1608Metric (layer F.Cu) (tedit 5B301BBD) (tstamp 5BA45A55)
    (at 172.7 91.5 180)
    (descr "Resistor SMD 0603 (1608 Metric), square (rectangular) end terminal, IPC_7351 nominal, (Body size source: http://www.tortai-tech.com/upload/download/2011102023233369053.pdf), generated with kicad-footprint-generator")
    (tags resistor)
    (path /5D09C829/5D0DDEAB)
    (attr smd)
    (fp_text reference R7 (at 0 -1.43 180) (layer F.SilkS) hide
      (effects (font (size 1 1) (thickness 0.15)))
    )
    (fp_text value 10K (at 0 1.43 180) (layer F.Fab)
      (effects (font (size 1 1) (thickness 0.15)))
    )
    (fp_line (start -0.8 0.4) (end -0.8 -0.4) (layer F.Fab) (width 0.1))
    (fp_line (start -0.8 -0.4) (end 0.8 -0.4) (layer F.Fab) (width 0.1))
    (fp_line (start 0.8 -0.4) (end 0.8 0.4) (layer F.Fab) (width 0.1))
    (fp_line (start 0.8 0.4) (end -0.8 0.4) (layer F.Fab) (width 0.1))
    (fp_line (start -0.162779 -0.51) (end 0.162779 -0.51) (layer F.SilkS) (width 0.12))
    (fp_line (start -0.162779 0.51) (end 0.162779 0.51) (layer F.SilkS) (width 0.12))
    (fp_line (start -1.48 0.73) (end -1.48 -0.73) (layer F.CrtYd) (width 0.05))
    (fp_line (start -1.48 -0.73) (end 1.48 -0.73) (layer F.CrtYd) (width 0.05))
    (fp_line (start 1.48 -0.73) (end 1.48 0.73) (layer F.CrtYd) (width 0.05))
    (fp_line (start 1.48 0.73) (end -1.48 0.73) (layer F.CrtYd) (width 0.05))
    (fp_text user %R (at 0 0 180) (layer F.Fab)
      (effects (font (size 0.4 0.4) (thickness 0.06)))
    )
    (pad 1 smd roundrect (at -0.7875 0 180) (size 0.875 0.95) (layers F.Cu F.Paste F.Mask) (roundrect_rratio 0.25)
      (net 1 VDD))
    (pad 2 smd roundrect (at 0.7875 0 180) (size 0.875 0.95) (layers F.Cu F.Paste F.Mask) (roundrect_rratio 0.25)
      (net 90 /I2C_SDA))
    (model ${KISYS3DMOD}/Resistor_SMD.3dshapes/R_0603_1608Metric.wrl
      (at (xyz 0 0 0))
      (scale (xyz 1 1 1))
      (rotate (xyz 0 0 0))
    )
  )

  (module Resistor_SMD:R_0603_1608Metric (layer F.Cu) (tedit 5B301BBD) (tstamp 5BA45A25)
    (at 170 88.8 270)
    (descr "Resistor SMD 0603 (1608 Metric), square (rectangular) end terminal, IPC_7351 nominal, (Body size source: http://www.tortai-tech.com/upload/download/2011102023233369053.pdf), generated with kicad-footprint-generator")
    (tags resistor)
    (path /5D09C829/5D0DDE9D)
    (attr smd)
    (fp_text reference R6 (at 0 -1.43 270) (layer F.SilkS) hide
      (effects (font (size 1 1) (thickness 0.15)))
    )
    (fp_text value 10K (at 0 1.43 270) (layer F.Fab)
      (effects (font (size 1 1) (thickness 0.15)))
    )
    (fp_text user %R (at 0 0 270) (layer F.Fab)
      (effects (font (size 0.4 0.4) (thickness 0.06)))
    )
    (fp_line (start 1.48 0.73) (end -1.48 0.73) (layer F.CrtYd) (width 0.05))
    (fp_line (start 1.48 -0.73) (end 1.48 0.73) (layer F.CrtYd) (width 0.05))
    (fp_line (start -1.48 -0.73) (end 1.48 -0.73) (layer F.CrtYd) (width 0.05))
    (fp_line (start -1.48 0.73) (end -1.48 -0.73) (layer F.CrtYd) (width 0.05))
    (fp_line (start -0.162779 0.51) (end 0.162779 0.51) (layer F.SilkS) (width 0.12))
    (fp_line (start -0.162779 -0.51) (end 0.162779 -0.51) (layer F.SilkS) (width 0.12))
    (fp_line (start 0.8 0.4) (end -0.8 0.4) (layer F.Fab) (width 0.1))
    (fp_line (start 0.8 -0.4) (end 0.8 0.4) (layer F.Fab) (width 0.1))
    (fp_line (start -0.8 -0.4) (end 0.8 -0.4) (layer F.Fab) (width 0.1))
    (fp_line (start -0.8 0.4) (end -0.8 -0.4) (layer F.Fab) (width 0.1))
    (pad 2 smd roundrect (at 0.7875 0 270) (size 0.875 0.95) (layers F.Cu F.Paste F.Mask) (roundrect_rratio 0.25)
      (net 91 /I2C_SCL))
    (pad 1 smd roundrect (at -0.7875 0 270) (size 0.875 0.95) (layers F.Cu F.Paste F.Mask) (roundrect_rratio 0.25)
      (net 1 VDD))
    (model ${KISYS3DMOD}/Resistor_SMD.3dshapes/R_0603_1608Metric.wrl
      (at (xyz 0 0 0))
      (scale (xyz 1 1 1))
      (rotate (xyz 0 0 0))
    )
  )

  (module Resistor_SMD:R_0603_1608Metric (layer F.Cu) (tedit 5B301BBD) (tstamp 5BA1C9C4)
    (at 152.1 71.4 180)
    (descr "Resistor SMD 0603 (1608 Metric), square (rectangular) end terminal, IPC_7351 nominal, (Body size source: http://www.tortai-tech.com/upload/download/2011102023233369053.pdf), generated with kicad-footprint-generator")
    (tags resistor)
    (path /5D09C829/5D0F335D)
    (attr smd)
    (fp_text reference R9 (at 0 -1.43 180) (layer F.SilkS) hide
      (effects (font (size 1 1) (thickness 0.15)))
    )
    (fp_text value 360R (at 0 1.43 180) (layer F.Fab)
      (effects (font (size 1 1) (thickness 0.15)))
    )
    (fp_line (start -0.8 0.4) (end -0.8 -0.4) (layer F.Fab) (width 0.1))
    (fp_line (start -0.8 -0.4) (end 0.8 -0.4) (layer F.Fab) (width 0.1))
    (fp_line (start 0.8 -0.4) (end 0.8 0.4) (layer F.Fab) (width 0.1))
    (fp_line (start 0.8 0.4) (end -0.8 0.4) (layer F.Fab) (width 0.1))
    (fp_line (start -0.162779 -0.51) (end 0.162779 -0.51) (layer F.SilkS) (width 0.12))
    (fp_line (start -0.162779 0.51) (end 0.162779 0.51) (layer F.SilkS) (width 0.12))
    (fp_line (start -1.48 0.73) (end -1.48 -0.73) (layer F.CrtYd) (width 0.05))
    (fp_line (start -1.48 -0.73) (end 1.48 -0.73) (layer F.CrtYd) (width 0.05))
    (fp_line (start 1.48 -0.73) (end 1.48 0.73) (layer F.CrtYd) (width 0.05))
    (fp_line (start 1.48 0.73) (end -1.48 0.73) (layer F.CrtYd) (width 0.05))
    (fp_text user %R (at 0 0 180) (layer F.Fab)
      (effects (font (size 0.4 0.4) (thickness 0.06)))
    )
    (pad 1 smd roundrect (at -0.7875 0 180) (size 0.875 0.95) (layers F.Cu F.Paste F.Mask) (roundrect_rratio 0.25)
      (net 7 /LED1_G))
    (pad 2 smd roundrect (at 0.7875 0 180) (size 0.875 0.95) (layers F.Cu F.Paste F.Mask) (roundrect_rratio 0.25)
      (net 38 "Net-(D6-Pad2)"))
    (model ${KISYS3DMOD}/Resistor_SMD.3dshapes/R_0603_1608Metric.wrl
      (at (xyz 0 0 0))
      (scale (xyz 1 1 1))
      (rotate (xyz 0 0 0))
    )
  )

  (module Resistor_SMD:R_0603_1608Metric (layer F.Cu) (tedit 5B301BBD) (tstamp 5BA1C9D5)
    (at 152 75.6 180)
    (descr "Resistor SMD 0603 (1608 Metric), square (rectangular) end terminal, IPC_7351 nominal, (Body size source: http://www.tortai-tech.com/upload/download/2011102023233369053.pdf), generated with kicad-footprint-generator")
    (tags resistor)
    (path /5D09C829/5D0F3367)
    (attr smd)
    (fp_text reference R8 (at 0 -1.43 180) (layer F.SilkS) hide
      (effects (font (size 1 1) (thickness 0.15)))
    )
    (fp_text value 360R (at 0 1.43 180) (layer F.Fab)
      (effects (font (size 1 1) (thickness 0.15)))
    )
    (fp_text user %R (at 0 0 180) (layer F.Fab)
      (effects (font (size 0.4 0.4) (thickness 0.06)))
    )
    (fp_line (start 1.48 0.73) (end -1.48 0.73) (layer F.CrtYd) (width 0.05))
    (fp_line (start 1.48 -0.73) (end 1.48 0.73) (layer F.CrtYd) (width 0.05))
    (fp_line (start -1.48 -0.73) (end 1.48 -0.73) (layer F.CrtYd) (width 0.05))
    (fp_line (start -1.48 0.73) (end -1.48 -0.73) (layer F.CrtYd) (width 0.05))
    (fp_line (start -0.162779 0.51) (end 0.162779 0.51) (layer F.SilkS) (width 0.12))
    (fp_line (start -0.162779 -0.51) (end 0.162779 -0.51) (layer F.SilkS) (width 0.12))
    (fp_line (start 0.8 0.4) (end -0.8 0.4) (layer F.Fab) (width 0.1))
    (fp_line (start 0.8 -0.4) (end 0.8 0.4) (layer F.Fab) (width 0.1))
    (fp_line (start -0.8 -0.4) (end 0.8 -0.4) (layer F.Fab) (width 0.1))
    (fp_line (start -0.8 0.4) (end -0.8 -0.4) (layer F.Fab) (width 0.1))
    (pad 2 smd roundrect (at 0.7875 0 180) (size 0.875 0.95) (layers F.Cu F.Paste F.Mask) (roundrect_rratio 0.25)
      (net 34 "Net-(D6-Pad1)"))
    (pad 1 smd roundrect (at -0.7875 0 180) (size 0.875 0.95) (layers F.Cu F.Paste F.Mask) (roundrect_rratio 0.25)
      (net 6 /LED1_R))
    (model ${KISYS3DMOD}/Resistor_SMD.3dshapes/R_0603_1608Metric.wrl
      (at (xyz 0 0 0))
      (scale (xyz 1 1 1))
      (rotate (xyz 0 0 0))
    )
  )

  (module Resistor_SMD:R_0603_1608Metric (layer F.Cu) (tedit 5B301BBD) (tstamp 5BA1C9E6)
    (at 176 75.6)
    (descr "Resistor SMD 0603 (1608 Metric), square (rectangular) end terminal, IPC_7351 nominal, (Body size source: http://www.tortai-tech.com/upload/download/2011102023233369053.pdf), generated with kicad-footprint-generator")
    (tags resistor)
    (path /5D09C829/5D0F333A)
    (attr smd)
    (fp_text reference R11 (at 0 -1.43) (layer F.SilkS) hide
      (effects (font (size 1 1) (thickness 0.15)))
    )
    (fp_text value 360R (at 0 1.43) (layer F.Fab)
      (effects (font (size 1 1) (thickness 0.15)))
    )
    (fp_line (start -0.8 0.4) (end -0.8 -0.4) (layer F.Fab) (width 0.1))
    (fp_line (start -0.8 -0.4) (end 0.8 -0.4) (layer F.Fab) (width 0.1))
    (fp_line (start 0.8 -0.4) (end 0.8 0.4) (layer F.Fab) (width 0.1))
    (fp_line (start 0.8 0.4) (end -0.8 0.4) (layer F.Fab) (width 0.1))
    (fp_line (start -0.162779 -0.51) (end 0.162779 -0.51) (layer F.SilkS) (width 0.12))
    (fp_line (start -0.162779 0.51) (end 0.162779 0.51) (layer F.SilkS) (width 0.12))
    (fp_line (start -1.48 0.73) (end -1.48 -0.73) (layer F.CrtYd) (width 0.05))
    (fp_line (start -1.48 -0.73) (end 1.48 -0.73) (layer F.CrtYd) (width 0.05))
    (fp_line (start 1.48 -0.73) (end 1.48 0.73) (layer F.CrtYd) (width 0.05))
    (fp_line (start 1.48 0.73) (end -1.48 0.73) (layer F.CrtYd) (width 0.05))
    (fp_text user %R (at 0 0) (layer F.Fab)
      (effects (font (size 0.4 0.4) (thickness 0.06)))
    )
    (pad 1 smd roundrect (at -0.7875 0) (size 0.875 0.95) (layers F.Cu F.Paste F.Mask) (roundrect_rratio 0.25)
      (net 9 /LED2_R))
    (pad 2 smd roundrect (at 0.7875 0) (size 0.875 0.95) (layers F.Cu F.Paste F.Mask) (roundrect_rratio 0.25)
      (net 36 "Net-(D7-Pad1)"))
    (model ${KISYS3DMOD}/Resistor_SMD.3dshapes/R_0603_1608Metric.wrl
      (at (xyz 0 0 0))
      (scale (xyz 1 1 1))
      (rotate (xyz 0 0 0))
    )
  )

  (module Resistor_SMD:R_0603_1608Metric (layer F.Cu) (tedit 5B301BBD) (tstamp 5BA1CA17)
    (at 168.7 73.8 270)
    (descr "Resistor SMD 0603 (1608 Metric), square (rectangular) end terminal, IPC_7351 nominal, (Body size source: http://www.tortai-tech.com/upload/download/2011102023233369053.pdf), generated with kicad-footprint-generator")
    (tags resistor)
    (path /5D09C829/5D0C1A46)
    (attr smd)
    (fp_text reference R5 (at 0 -1.43 270) (layer F.SilkS) hide
      (effects (font (size 1 1) (thickness 0.15)))
    )
    (fp_text value 17K (at 0 1.43 270) (layer F.Fab)
      (effects (font (size 1 1) (thickness 0.15)))
    )
    (fp_text user %R (at 0 0 270) (layer F.Fab)
      (effects (font (size 0.4 0.4) (thickness 0.06)))
    )
    (fp_line (start 1.48 0.73) (end -1.48 0.73) (layer F.CrtYd) (width 0.05))
    (fp_line (start 1.48 -0.73) (end 1.48 0.73) (layer F.CrtYd) (width 0.05))
    (fp_line (start -1.48 -0.73) (end 1.48 -0.73) (layer F.CrtYd) (width 0.05))
    (fp_line (start -1.48 0.73) (end -1.48 -0.73) (layer F.CrtYd) (width 0.05))
    (fp_line (start -0.162779 0.51) (end 0.162779 0.51) (layer F.SilkS) (width 0.12))
    (fp_line (start -0.162779 -0.51) (end 0.162779 -0.51) (layer F.SilkS) (width 0.12))
    (fp_line (start 0.8 0.4) (end -0.8 0.4) (layer F.Fab) (width 0.1))
    (fp_line (start 0.8 -0.4) (end 0.8 0.4) (layer F.Fab) (width 0.1))
    (fp_line (start -0.8 -0.4) (end 0.8 -0.4) (layer F.Fab) (width 0.1))
    (fp_line (start -0.8 0.4) (end -0.8 -0.4) (layer F.Fab) (width 0.1))
    (pad 2 smd roundrect (at 0.7875 0 270) (size 0.875 0.95) (layers F.Cu F.Paste F.Mask) (roundrect_rratio 0.25)
      (net 47 "Net-(C5-Pad2)"))
    (pad 1 smd roundrect (at -0.7875 0 270) (size 0.875 0.95) (layers F.Cu F.Paste F.Mask) (roundrect_rratio 0.25)
      (net 54 "Net-(R5-Pad1)"))
    (model ${KISYS3DMOD}/Resistor_SMD.3dshapes/R_0603_1608Metric.wrl
      (at (xyz 0 0 0))
      (scale (xyz 1 1 1))
      (rotate (xyz 0 0 0))
    )
  )

  (module Resistor_SMD:R_0603_1608Metric (layer F.Cu) (tedit 5B301BBD) (tstamp 5BA1CA28)
    (at 173.5 73.6 90)
    (descr "Resistor SMD 0603 (1608 Metric), square (rectangular) end terminal, IPC_7351 nominal, (Body size source: http://www.tortai-tech.com/upload/download/2011102023233369053.pdf), generated with kicad-footprint-generator")
    (tags resistor)
    (path /5D09C829/5D0F3330)
    (attr smd)
    (fp_text reference R12 (at 0 -1.43 90) (layer F.SilkS) hide
      (effects (font (size 1 1) (thickness 0.15)))
    )
    (fp_text value 360R (at 0 1.43 90) (layer F.Fab)
      (effects (font (size 1 1) (thickness 0.15)))
    )
    (fp_line (start -0.8 0.4) (end -0.8 -0.4) (layer F.Fab) (width 0.1))
    (fp_line (start -0.8 -0.4) (end 0.8 -0.4) (layer F.Fab) (width 0.1))
    (fp_line (start 0.8 -0.4) (end 0.8 0.4) (layer F.Fab) (width 0.1))
    (fp_line (start 0.8 0.4) (end -0.8 0.4) (layer F.Fab) (width 0.1))
    (fp_line (start -0.162779 -0.51) (end 0.162779 -0.51) (layer F.SilkS) (width 0.12))
    (fp_line (start -0.162779 0.51) (end 0.162779 0.51) (layer F.SilkS) (width 0.12))
    (fp_line (start -1.48 0.73) (end -1.48 -0.73) (layer F.CrtYd) (width 0.05))
    (fp_line (start -1.48 -0.73) (end 1.48 -0.73) (layer F.CrtYd) (width 0.05))
    (fp_line (start 1.48 -0.73) (end 1.48 0.73) (layer F.CrtYd) (width 0.05))
    (fp_line (start 1.48 0.73) (end -1.48 0.73) (layer F.CrtYd) (width 0.05))
    (fp_text user %R (at 0 0 90) (layer F.Fab)
      (effects (font (size 0.4 0.4) (thickness 0.06)))
    )
    (pad 1 smd roundrect (at -0.7875 0 90) (size 0.875 0.95) (layers F.Cu F.Paste F.Mask) (roundrect_rratio 0.25)
      (net 10 /LED2_G))
    (pad 2 smd roundrect (at 0.7875 0 90) (size 0.875 0.95) (layers F.Cu F.Paste F.Mask) (roundrect_rratio 0.25)
      (net 39 "Net-(D7-Pad2)"))
    (model ${KISYS3DMOD}/Resistor_SMD.3dshapes/R_0603_1608Metric.wrl
      (at (xyz 0 0 0))
      (scale (xyz 1 1 1))
      (rotate (xyz 0 0 0))
    )
  )

  (module Resistor_SMD:R_0603_1608Metric (layer F.Cu) (tedit 5B301BBD) (tstamp 5BA1CA39)
    (at 176 71.6)
    (descr "Resistor SMD 0603 (1608 Metric), square (rectangular) end terminal, IPC_7351 nominal, (Body size source: http://www.tortai-tech.com/upload/download/2011102023233369053.pdf), generated with kicad-footprint-generator")
    (tags resistor)
    (path /5D09C829/5D0F3326)
    (attr smd)
    (fp_text reference R13 (at 0 -1.43) (layer F.SilkS) hide
      (effects (font (size 1 1) (thickness 0.15)))
    )
    (fp_text value 360R (at 0 1.43) (layer F.Fab)
      (effects (font (size 1 1) (thickness 0.15)))
    )
    (fp_text user %R (at 0 0) (layer F.Fab)
      (effects (font (size 0.4 0.4) (thickness 0.06)))
    )
    (fp_line (start 1.48 0.73) (end -1.48 0.73) (layer F.CrtYd) (width 0.05))
    (fp_line (start 1.48 -0.73) (end 1.48 0.73) (layer F.CrtYd) (width 0.05))
    (fp_line (start -1.48 -0.73) (end 1.48 -0.73) (layer F.CrtYd) (width 0.05))
    (fp_line (start -1.48 0.73) (end -1.48 -0.73) (layer F.CrtYd) (width 0.05))
    (fp_line (start -0.162779 0.51) (end 0.162779 0.51) (layer F.SilkS) (width 0.12))
    (fp_line (start -0.162779 -0.51) (end 0.162779 -0.51) (layer F.SilkS) (width 0.12))
    (fp_line (start 0.8 0.4) (end -0.8 0.4) (layer F.Fab) (width 0.1))
    (fp_line (start 0.8 -0.4) (end 0.8 0.4) (layer F.Fab) (width 0.1))
    (fp_line (start -0.8 -0.4) (end 0.8 -0.4) (layer F.Fab) (width 0.1))
    (fp_line (start -0.8 0.4) (end -0.8 -0.4) (layer F.Fab) (width 0.1))
    (pad 2 smd roundrect (at 0.7875 0) (size 0.875 0.95) (layers F.Cu F.Paste F.Mask) (roundrect_rratio 0.25)
      (net 35 "Net-(D7-Pad3)"))
    (pad 1 smd roundrect (at -0.7875 0) (size 0.875 0.95) (layers F.Cu F.Paste F.Mask) (roundrect_rratio 0.25)
      (net 16 /LED2_B))
    (model ${KISYS3DMOD}/Resistor_SMD.3dshapes/R_0603_1608Metric.wrl
      (at (xyz 0 0 0))
      (scale (xyz 1 1 1))
      (rotate (xyz 0 0 0))
    )
  )

  (module Resistor_SMD:R_0603_1608Metric (layer F.Cu) (tedit 5B301BBD) (tstamp 5BA1CA4A)
    (at 173.5 98.4 90)
    (descr "Resistor SMD 0603 (1608 Metric), square (rectangular) end terminal, IPC_7351 nominal, (Body size source: http://www.tortai-tech.com/upload/download/2011102023233369053.pdf), generated with kicad-footprint-generator")
    (tags resistor)
    (path /5D09C829/5D0F32D6)
    (attr smd)
    (fp_text reference R18 (at 0 -1.43 90) (layer F.SilkS) hide
      (effects (font (size 1 1) (thickness 0.15)))
    )
    (fp_text value 360R (at 0 1.43 90) (layer F.Fab)
      (effects (font (size 1 1) (thickness 0.15)))
    )
    (fp_line (start -0.8 0.4) (end -0.8 -0.4) (layer F.Fab) (width 0.1))
    (fp_line (start -0.8 -0.4) (end 0.8 -0.4) (layer F.Fab) (width 0.1))
    (fp_line (start 0.8 -0.4) (end 0.8 0.4) (layer F.Fab) (width 0.1))
