(kicad_pcb (version 20171130) (host pcbnew "(6.0.0-rc1-dev-332-g00d912f0b)")

  (general
    (thickness 1.6)
    (drawings 96)
    (tracks 0)
    (zones 0)
    (modules 68)
    (nets 126)
  )

  (page A4)
  (layers
    (0 F.Cu signal)
    (31 B.Cu signal)
    (32 B.Adhes user)
    (33 F.Adhes user)
    (34 B.Paste user)
    (35 F.Paste user)
    (36 B.SilkS user)
    (37 F.SilkS user)
    (38 B.Mask user)
    (39 F.Mask user)
    (40 Dwgs.User user)
    (41 Cmts.User user)
    (42 Eco1.User user)
    (43 Eco2.User user)
    (44 Edge.Cuts user)
    (45 Margin user)
    (46 B.CrtYd user)
    (47 F.CrtYd user)
    (48 B.Fab user)
    (49 F.Fab user)
  )

  (setup
    (last_trace_width 0.25)
    (trace_clearance 0.2)
    (zone_clearance 0.508)
    (zone_45_only no)
    (trace_min 0.2)
    (via_size 0.8)
    (via_drill 0.4)
    (via_min_size 0.4)
    (via_min_drill 0.3)
    (uvia_size 0.3)
    (uvia_drill 0.1)
    (uvias_allowed no)
    (uvia_min_size 0.2)
    (uvia_min_drill 0.1)
    (edge_width 0.05)
    (segment_width 0.2)
    (pcb_text_width 0.3)
    (pcb_text_size 1.5 1.5)
    (mod_edge_width 0.12)
    (mod_text_size 1 1)
    (mod_text_width 0.15)
    (pad_size 1.524 1.524)
    (pad_drill 0.762)
    (pad_to_mask_clearance 0.2)
    (aux_axis_origin 0 0)
    (visible_elements 7FFDEF7F)
    (pcbplotparams
      (layerselection 0x010fc_ffffffff)
      (usegerberextensions false)
      (usegerberattributes false)
      (usegerberadvancedattributes false)
      (creategerberjobfile false)
      (excludeedgelayer true)
      (linewidth 0.100000)
      (plotframeref false)
      (viasonmask false)
      (mode 1)
      (useauxorigin false)
      (hpglpennumber 1)
      (hpglpenspeed 20)
      (hpglpendiameter 15.000000)
      (psnegative false)
      (psa4output false)
      (plotreference true)
      (plotvalue true)
      (plotinvisibletext false)
      (padsonsilk false)
      (subtractmaskfromsilk false)
      (outputformat 1)
      (mirror false)
      (drillshape 1)
      (scaleselection 1)
      (outputdirectory ""))
  )

  (net 0 "")
  (net 1 VDD)
  (net 2 GND)
  (net 3 /LED3_G)
  (net 4 /LED3_R)
  (net 5 /SWDCLK)
  (net 6 /LED1_R)
  (net 7 /LED1_G)
  (net 8 /LED1_B)
  (net 9 /LED2_R)
  (net 10 /LED2_G)
  (net 11 /LED3_B)
  (net 12 /LED4_R)
  (net 13 /LED4_G)
  (net 14 /LED4_B)
  (net 15 /ACCEL_SCL)
  (net 16 /ACCEL_SDA)
  (net 17 "Net-(C14-Pad2)")
  (net 18 /LED2_B)
  (net 19 "Net-(LS1-Pad2)")
  (net 20 /SPEAKER_SD)
  (net 21 "Net-(LS1-Pad1)")
  (net 22 /VIBRATOR)
  (net 23 "Net-(C7-Pad2)")
  (net 24 /ACCEL_INT)
  (net 25 /SPEAKER)
  (net 26 /USB_D-)
  (net 27 /USB_D+)
  (net 28 /SWDIO)
  (net 29 "Net-(C11-Pad2)")
  (net 30 VBUS)
  (net 31 +BATT)
  (net 32 /BTN_UP)
  (net 33 /BTN_DOWN)
  (net 34 /BTN_SELECT)
  (net 35 /BTN_BACK)
  (net 36 "Net-(D6-Pad1)")
  (net 37 "Net-(D7-Pad3)")
  (net 38 "Net-(D7-Pad1)")
  (net 39 "Net-(D6-Pad3)")
  (net 40 "Net-(D6-Pad2)")
  (net 41 "Net-(D7-Pad2)")
  (net 42 "Net-(U5-Pad9)")
  (net 43 /QSPI_IO3)
  (net 44 /QSPI_IO0)
  (net 45 /QSPI_CS)
  (net 46 /QSPI_IO1)
  (net 47 /QSPI_IO2)
  (net 48 /QSPI_CLK)
  (net 49 "Net-(C5-Pad2)")
  (net 50 "Net-(C10-Pad2)")
  (net 51 "Net-(C12-Pad2)")
  (net 52 "Net-(C13-Pad2)")
  (net 53 "Net-(C9-Pad2)")
  (net 54 "Net-(R2-Pad2)")
  (net 55 "Net-(R1-Pad2)")
  (net 56 "Net-(R5-Pad1)")
  (net 57 "Net-(D9-Pad2)")
  (net 58 /Peripherals/RESE)
  (net 59 /Peripherals/GDR)
  (net 60 "Net-(D9-Pad3)")
  (net 61 "Net-(D8-Pad3)")
  (net 62 "Net-(D8-Pad2)")
  (net 63 "Net-(D8-Pad1)")
  (net 64 "Net-(D9-Pad1)")
  (net 65 "Net-(U2-Pad2)")
  (net 66 "Net-(U2-Pad3)")
  (net 67 "Net-(U2-Pad4)")
  (net 68 "Net-(U2-Pad5)")
  (net 69 "Net-(U2-Pad6)")
  (net 70 "Net-(U2-Pad7)")
  (net 71 "Net-(U2-Pad8)")
  (net 72 "Net-(U2-Pad9)")
  (net 73 "Net-(U2-Pad10)")
  (net 74 "Net-(U2-Pad11)")
  (net 75 "Net-(U2-Pad12)")
  (net 76 "Net-(U2-Pad13)")
  (net 77 "Net-(U2-Pad33)")
  (net 78 "Net-(U2-Pad34)")
  (net 79 "Net-(U2-Pad35)")
  (net 80 "Net-(U2-Pad36)")
  (net 81 "Net-(U2-Pad39)")
  (net 82 "Net-(U2-Pad40)")
  (net 83 "Net-(U2-Pad41)")
  (net 84 "Net-(U2-Pad42)")
  (net 85 "Net-(U2-Pad43)")
  (net 86 "Net-(U2-Pad48)")
  (net 87 "Net-(U2-Pad49)")
  (net 88 "Net-(U2-Pad50)")
  (net 89 "Net-(U2-Pad51)")
  (net 90 "Net-(U2-Pad52)")
  (net 91 "Net-(U2-Pad53)")
  (net 92 "Net-(U2-Pad54)")
  (net 93 "Net-(U2-Pad22)")
  (net 94 "Net-(U2-Pad21)")
  (net 95 "Net-(U2-Pad20)")
  (net 96 "Net-(U2-Pad19)")
  (net 97 "Net-(U2-Pad18)")
  (net 98 "Net-(U2-Pad17)")
  (net 99 "Net-(U2-Pad16)")
  (net 100 "Net-(U2-Pad15)")
  (net 101 "Net-(U2-Pad14)")
  (net 102 "Net-(U2-Pad23)")
  (net 103 "Net-(U2-Pad24)")
  (net 104 "Net-(U2-Pad25)")
  (net 105 "Net-(U2-Pad26)")
  (net 106 "Net-(U2-Pad27)")
  (net 107 "Net-(U2-Pad28)")
  (net 108 "Net-(U2-Pad29)")
  (net 109 "Net-(U2-Pad30)")
  (net 110 "Net-(U2-Pad31)")
  (net 111 "Net-(C1-Pad2)")
  (net 112 "Net-(C18-Pad1)")
  (net 113 "Net-(C7-Pad1)")
  (net 114 /Peripherals/PREVGL)
  (net 115 /Peripherals/PREVGH)
  (net 116 "Net-(J1-Pad4)")
  (net 117 "Net-(C15-Pad2)")
  (net 118 /EINK_MOSI)
  (net 119 /EINK_SCK)
  (net 120 /EINK_CS)
  (net 121 /EINK_DC)
  (net 122 /EINK_RESET)
  (net 123 /EINK_BUSY)
  (net 124 "Net-(U6-Pad7)")
  (net 125 "Net-(U6-Pad6)")

  (net_class Default "This is the default net class."
    (clearance 0.2)
    (trace_width 0.25)
    (via_dia 0.8)
    (via_drill 0.4)
    (uvia_dia 0.3)
    (uvia_drill 0.1)
    (add_net +BATT)
    (add_net /ACCEL_INT)
    (add_net /ACCEL_SCL)
    (add_net /ACCEL_SDA)
    (add_net /BTN_BACK)
    (add_net /BTN_DOWN)
    (add_net /BTN_SELECT)
    (add_net /BTN_UP)
    (add_net /EINK_BUSY)
    (add_net /EINK_CS)
    (add_net /EINK_DC)
    (add_net /EINK_MOSI)
    (add_net /EINK_RESET)
    (add_net /EINK_SCK)
    (add_net /LED1_B)
    (add_net /LED1_G)
    (add_net /LED1_R)
    (add_net /LED2_B)
    (add_net /LED2_G)
    (add_net /LED2_R)
    (add_net /LED3_B)
    (add_net /LED3_G)
    (add_net /LED3_R)
    (add_net /LED4_B)
    (add_net /LED4_G)
    (add_net /LED4_R)
    (add_net /Peripherals/GDR)
    (add_net /Peripherals/PREVGH)
    (add_net /Peripherals/PREVGL)
    (add_net /Peripherals/RESE)
    (add_net /QSPI_CLK)
    (add_net /QSPI_CS)
    (add_net /QSPI_IO0)
    (add_net /QSPI_IO1)
    (add_net /QSPI_IO2)
    (add_net /QSPI_IO3)
    (add_net /SPEAKER)
    (add_net /SPEAKER_SD)
    (add_net /SWDCLK)
    (add_net /SWDIO)
    (add_net /USB_D+)
    (add_net /USB_D-)
    (add_net /VIBRATOR)
    (add_net GND)
    (add_net "Net-(C1-Pad2)")
    (add_net "Net-(C10-Pad2)")
    (add_net "Net-(C11-Pad2)")
    (add_net "Net-(C12-Pad2)")
    (add_net "Net-(C13-Pad2)")
    (add_net "Net-(C14-Pad2)")
    (add_net "Net-(C15-Pad2)")
    (add_net "Net-(C18-Pad1)")
    (add_net "Net-(C5-Pad2)")
    (add_net "Net-(C7-Pad1)")
    (add_net "Net-(C7-Pad2)")
    (add_net "Net-(C9-Pad2)")
    (add_net "Net-(D6-Pad1)")
    (add_net "Net-(D6-Pad2)")
    (add_net "Net-(D6-Pad3)")
    (add_net "Net-(D7-Pad1)")
    (add_net "Net-(D7-Pad2)")
    (add_net "Net-(D7-Pad3)")
    (add_net "Net-(D8-Pad1)")
    (add_net "Net-(D8-Pad2)")
    (add_net "Net-(D8-Pad3)")
    (add_net "Net-(D9-Pad1)")
    (add_net "Net-(D9-Pad2)")
    (add_net "Net-(D9-Pad3)")
    (add_net "Net-(J1-Pad4)")
    (add_net "Net-(LS1-Pad1)")
    (add_net "Net-(LS1-Pad2)")
    (add_net "Net-(R1-Pad2)")
    (add_net "Net-(R2-Pad2)")
    (add_net "Net-(R5-Pad1)")
    (add_net "Net-(U2-Pad10)")
    (add_net "Net-(U2-Pad11)")
    (add_net "Net-(U2-Pad12)")
    (add_net "Net-(U2-Pad13)")
    (add_net "Net-(U2-Pad14)")
    (add_net "Net-(U2-Pad15)")
    (add_net "Net-(U2-Pad16)")
    (add_net "Net-(U2-Pad17)")
    (add_net "Net-(U2-Pad18)")
    (add_net "Net-(U2-Pad19)")
    (add_net "Net-(U2-Pad2)")
    (add_net "Net-(U2-Pad20)")
    (add_net "Net-(U2-Pad21)")
    (add_net "Net-(U2-Pad22)")
    (add_net "Net-(U2-Pad23)")
    (add_net "Net-(U2-Pad24)")
    (add_net "Net-(U2-Pad25)")
    (add_net "Net-(U2-Pad26)")
    (add_net "Net-(U2-Pad27)")
    (add_net "Net-(U2-Pad28)")
    (add_net "Net-(U2-Pad29)")
    (add_net "Net-(U2-Pad3)")
    (add_net "Net-(U2-Pad30)")
    (add_net "Net-(U2-Pad31)")
    (add_net "Net-(U2-Pad33)")
    (add_net "Net-(U2-Pad34)")
    (add_net "Net-(U2-Pad35)")
    (add_net "Net-(U2-Pad36)")
    (add_net "Net-(U2-Pad39)")
    (add_net "Net-(U2-Pad4)")
    (add_net "Net-(U2-Pad40)")
    (add_net "Net-(U2-Pad41)")
    (add_net "Net-(U2-Pad42)")
    (add_net "Net-(U2-Pad43)")
    (add_net "Net-(U2-Pad48)")
    (add_net "Net-(U2-Pad49)")
    (add_net "Net-(U2-Pad5)")
    (add_net "Net-(U2-Pad50)")
    (add_net "Net-(U2-Pad51)")
    (add_net "Net-(U2-Pad52)")
    (add_net "Net-(U2-Pad53)")
    (add_net "Net-(U2-Pad54)")
    (add_net "Net-(U2-Pad6)")
    (add_net "Net-(U2-Pad7)")
    (add_net "Net-(U2-Pad8)")
    (add_net "Net-(U2-Pad9)")
    (add_net "Net-(U5-Pad9)")
    (add_net "Net-(U6-Pad6)")
    (add_net "Net-(U6-Pad7)")
    (add_net VBUS)
    (add_net VDD)
  )

  (module TestPoint:TestPoint_Pad_D1.0mm locked (layer F.Cu) (tedit 5A0F774F) (tstamp 5BA35848)
    (at 164 88.75)
    (descr "SMD pad as test Point, diameter 1.0mm")
    (tags "test point SMD pad")
    (attr virtual)
    (fp_text reference REF** (at 0 -1.448) (layer F.SilkS) hide
      (effects (font (size 1 1) (thickness 0.15)))
    )
    (fp_text value TestPoint_Pad_D1.0mm (at 0 1.55) (layer F.Fab)
      (effects (font (size 1 1) (thickness 0.15)))
    )
    (fp_circle (center 0 0) (end 0 0.7) (layer F.SilkS) (width 0.12))
    (fp_circle (center 0 0) (end 1 0) (layer F.CrtYd) (width 0.05))
    (fp_text user %R (at 0 -1.45) (layer F.Fab)
      (effects (font (size 1 1) (thickness 0.15)))
    )
    (pad 1 smd circle (at 0 0) (size 1 1) (layers F.Cu F.Mask))
    (model ${KIPRJMOD}/modules/packages3d/Display.3dshapes/GDEW0154T8.step
      (offset (xyz -15.9 18.65 3))
      (scale (xyz 1 1 1))
      (rotate (xyz -90 0 0))
    )
  )

  (module Buzzer_Beeper_Extra:C1026B (layer B.Cu) (tedit 5BA2C8A0) (tstamp 5BA351B5)
    (at 150.9 86.9 170)
    (path /5D09C829/5D0FB5A4)
    (fp_text reference M1 (at 0 5.85 170) (layer B.SilkS) hide
      (effects (font (size 1 1) (thickness 0.15)) (justify mirror))
    )
    (fp_text value Vibrator (at 0 0 170) (layer B.Fab)
      (effects (font (size 1 1) (thickness 0.15)) (justify mirror))
    )
    (fp_arc (start -1.25 -10) (end -1.75 -10) (angle 90) (layer B.SilkS) (width 0.15))
    (fp_arc (start 1.25 -10) (end 1.25 -10.5) (angle 90) (layer B.SilkS) (width 0.15))
    (fp_line (start -1.75 -10) (end -1.75 -4.7) (layer B.SilkS) (width 0.15))
    (fp_line (start 1.25 -10.5) (end -1.25 -10.5) (layer B.SilkS) (width 0.15))
    (fp_line (start 1.75 -10) (end 1.75 -4.7) (layer B.SilkS) (width 0.15))
    (fp_circle (center 0 0) (end 5 0) (layer B.SilkS) (width 0.15))
    (pad 1 smd rect (at -0.95 -12.15 170) (size 1.524 1.524) (layers B.Cu B.Paste B.Mask)
      (net 1 VDD))
    (pad 2 smd rect (at 0.95 -12.15 170) (size 1.524 1.524) (layers B.Cu B.Paste B.Mask)
      (net 112 "Net-(C18-Pad1)"))
    (model E:/Documents/kicad/xilwatch/hw/modules/packages3d/Vibrators.3dshapes/8449.wrl
      (offset (xyz 0 0 4))
      (scale (xyz 0.4 0.4 0.4))
      (rotate (xyz 180 0 -90))
    )
  )

  (module Resistor_SMD:R_0603_1608Metric (layer F.Cu) (tedit 5B301BBD) (tstamp 5BA1A6AD)
    (at 166.1 79.9 270)
    (descr "Resistor SMD 0603 (1608 Metric), square (rectangular) end terminal, IPC_7351 nominal, (Body size source: http://www.tortai-tech.com/upload/download/2011102023233369053.pdf), generated with kicad-footprint-generator")
    (tags resistor)
    (path /5BACEBF5)
    (attr smd)
    (fp_text reference R2 (at 0 -1.43 270) (layer F.SilkS) hide
      (effects (font (size 1 1) (thickness 0.15)))
    )
    (fp_text value 22R (at 0 1.43 270) (layer F.Fab)
      (effects (font (size 1 1) (thickness 0.15)))
    )
    (fp_text user %R (at 0 0 270) (layer F.Fab)
      (effects (font (size 0.4 0.4) (thickness 0.06)))
    )
    (fp_line (start 1.48 0.73) (end -1.48 0.73) (layer F.CrtYd) (width 0.05))
    (fp_line (start 1.48 -0.73) (end 1.48 0.73) (layer F.CrtYd) (width 0.05))
    (fp_line (start -1.48 -0.73) (end 1.48 -0.73) (layer F.CrtYd) (width 0.05))
    (fp_line (start -1.48 0.73) (end -1.48 -0.73) (layer F.CrtYd) (width 0.05))
    (fp_line (start -0.162779 0.51) (end 0.162779 0.51) (layer F.SilkS) (width 0.12))
    (fp_line (start -0.162779 -0.51) (end 0.162779 -0.51) (layer F.SilkS) (width 0.12))
    (fp_line (start 0.8 0.4) (end -0.8 0.4) (layer F.Fab) (width 0.1))
    (fp_line (start 0.8 -0.4) (end 0.8 0.4) (layer F.Fab) (width 0.1))
    (fp_line (start -0.8 -0.4) (end 0.8 -0.4) (layer F.Fab) (width 0.1))
    (fp_line (start -0.8 0.4) (end -0.8 -0.4) (layer F.Fab) (width 0.1))
    (pad 2 smd roundrect (at 0.7875 0 270) (size 0.875 0.95) (layers F.Cu F.Paste F.Mask) (roundrect_rratio 0.25)
      (net 54 "Net-(R2-Pad2)"))
    (pad 1 smd roundrect (at -0.7875 0 270) (size 0.875 0.95) (layers F.Cu F.Paste F.Mask) (roundrect_rratio 0.25)
      (net 26 /USB_D-))
    (model ${KISYS3DMOD}/Resistor_SMD.3dshapes/R_0603_1608Metric.wrl
      (at (xyz 0 0 0))
      (scale (xyz 1 1 1))
      (rotate (xyz 0 0 0))
    )
  )

  (module Resistor_SMD:R_0603_1608Metric (layer F.Cu) (tedit 5B301BBD) (tstamp 5BA1A713)
    (at 164.6 79.9 270)
    (descr "Resistor SMD 0603 (1608 Metric), square (rectangular) end terminal, IPC_7351 nominal, (Body size source: http://www.tortai-tech.com/upload/download/2011102023233369053.pdf), generated with kicad-footprint-generator")
    (tags resistor)
    (path /5BACE80C)
    (attr smd)
    (fp_text reference R1 (at 0 -1.43 270) (layer F.SilkS) hide
      (effects (font (size 1 1) (thickness 0.15)))
    )
    (fp_text value 22R (at 0 1.43 270) (layer F.Fab)
      (effects (font (size 1 1) (thickness 0.15)))
    )
    (fp_text user %R (at 0 0 270) (layer F.Fab)
      (effects (font (size 0.4 0.4) (thickness 0.06)))
    )
    (fp_line (start 1.48 0.73) (end -1.48 0.73) (layer F.CrtYd) (width 0.05))
    (fp_line (start 1.48 -0.73) (end 1.48 0.73) (layer F.CrtYd) (width 0.05))
    (fp_line (start -1.48 -0.73) (end 1.48 -0.73) (layer F.CrtYd) (width 0.05))
    (fp_line (start -1.48 0.73) (end -1.48 -0.73) (layer F.CrtYd) (width 0.05))
    (fp_line (start -0.162779 0.51) (end 0.162779 0.51) (layer F.SilkS) (width 0.12))
    (fp_line (start -0.162779 -0.51) (end 0.162779 -0.51) (layer F.SilkS) (width 0.12))
    (fp_line (start 0.8 0.4) (end -0.8 0.4) (layer F.Fab) (width 0.1))
    (fp_line (start 0.8 -0.4) (end 0.8 0.4) (layer F.Fab) (width 0.1))
    (fp_line (start -0.8 -0.4) (end 0.8 -0.4) (layer F.Fab) (width 0.1))
    (fp_line (start -0.8 0.4) (end -0.8 -0.4) (layer F.Fab) (width 0.1))
    (pad 2 smd roundrect (at 0.7875 0 270) (size 0.875 0.95) (layers F.Cu F.Paste F.Mask) (roundrect_rratio 0.25)
      (net 55 "Net-(R1-Pad2)"))
    (pad 1 smd roundrect (at -0.7875 0 270) (size 0.875 0.95) (layers F.Cu F.Paste F.Mask) (roundrect_rratio 0.25)
      (net 27 /USB_D+))
    (model ${KISYS3DMOD}/Resistor_SMD.3dshapes/R_0603_1608Metric.wrl
      (at (xyz 0 0 0))
      (scale (xyz 1 1 1))
      (rotate (xyz 0 0 0))
    )
  )

  (module RF_Module_Extra:Holyiot_18010 (layer F.Cu) (tedit 5BA013E6) (tstamp 5BA3859F)
    (at 154.4 88.8 90)
    (path /5BA10E8A)
    (fp_text reference U2 (at 0 10.7 90) (layer F.SilkS) hide
      (effects (font (size 1 1) (thickness 0.15)))
    )
    (fp_text value Holyiot_18010 (at 0 -10.25 90) (layer F.Fab)
      (effects (font (size 1 1) (thickness 0.15)))
    )
    (fp_line (start -6.75 -9) (end 6.75 -9) (layer F.Fab) (width 0.12))
    (fp_line (start -6.75 9) (end 6.75 9) (layer F.Fab) (width 0.12))
    (fp_line (start -6.75 -9) (end -6.75 9) (layer F.Fab) (width 0.12))
    (fp_line (start 6.75 -9) (end 6.75 9) (layer F.Fab) (width 0.12))
    (fp_line (start -6.9 -6.35) (end -6.9 -9.15) (layer F.SilkS) (width 0.15))
    (fp_line (start -6.9 -9.15) (end 6.9 -9.15) (layer F.SilkS) (width 0.15))
    (fp_line (start 6.9 -9.15) (end 6.9 -6.35) (layer F.SilkS) (width 0.15))
    (fp_line (start -6.9 -6.35) (end -7.3 -6.35) (layer F.SilkS) (width 0.15))
    (fp_line (start 6.9 8.15) (end 6.9 9.15) (layer F.SilkS) (width 0.15))
    (fp_line (start 6.15 9.15) (end 6.9 9.15) (layer F.SilkS) (width 0.15))
    (fp_line (start -6.9 9.15) (end -6.15 9.15) (layer F.SilkS) (width 0.15))
    (fp_line (start -6.9 8.15) (end -6.9 9.15) (layer F.SilkS) (width 0.15))
    (fp_line (start -6.75 -6.35) (end 6.75 -6.35) (layer F.Fab) (width 0.12))
    (fp_line (start 6.75 -6.35) (end -6.75 -9) (layer F.Fab) (width 0.12))
    (fp_line (start -6.75 -6.35) (end 6.75 -9) (layer F.Fab) (width 0.12))
    (pad 1 smd oval (at -6.75 -5.7 90) (size 1.7 0.85) (layers F.Cu F.Paste F.Mask)
      (net 2 GND))
    (pad 2 smd oval (at -6.75 -4.6 90) (size 1.7 0.85) (layers F.Cu F.Paste F.Mask)
      (net 65 "Net-(U2-Pad2)"))
    (pad 3 smd oval (at -6.75 -3.5 90) (size 1.7 0.85) (layers F.Cu F.Paste F.Mask)
      (net 66 "Net-(U2-Pad3)"))
    (pad 4 smd oval (at -6.75 -2.4 90) (size 1.7 0.85) (layers F.Cu F.Paste F.Mask)
      (net 67 "Net-(U2-Pad4)"))
    (pad 5 smd oval (at -6.75 -1.3 90) (size 1.7 0.85) (layers F.Cu F.Paste F.Mask)
      (net 68 "Net-(U2-Pad5)"))
    (pad 6 smd oval (at -6.75 -0.2 90) (size 1.7 0.85) (layers F.Cu F.Paste F.Mask)
      (net 69 "Net-(U2-Pad6)"))
    (pad 7 smd oval (at -6.75 0.9 90) (size 1.7 0.85) (layers F.Cu F.Paste F.Mask)
      (net 70 "Net-(U2-Pad7)"))
    (pad 8 smd oval (at -6.75 2 90) (size 1.7 0.85) (layers F.Cu F.Paste F.Mask)
      (net 71 "Net-(U2-Pad8)"))
    (pad 9 smd oval (at -6.75 3.1 90) (size 1.7 0.85) (layers F.Cu F.Paste F.Mask)
      (net 72 "Net-(U2-Pad9)"))
    (pad 10 smd oval (at -6.75 4.2 90) (size 1.7 0.85) (layers F.Cu F.Paste F.Mask)
      (net 73 "Net-(U2-Pad10)"))
    (pad 11 smd oval (at -6.75 5.3 90) (size 1.7 0.85) (layers F.Cu F.Paste F.Mask)
      (net 74 "Net-(U2-Pad11)"))
    (pad 12 smd oval (at -6.75 6.4 90) (size 1.7 0.85) (layers F.Cu F.Paste F.Mask)
      (net 75 "Net-(U2-Pad12)"))
    (pad 13 smd oval (at -6.75 7.5 90) (size 1.7 0.85) (layers F.Cu F.Paste F.Mask)
      (net 76 "Net-(U2-Pad13)"))
    (pad 32 smd oval (at 6.75 -5.7 90) (size 1.7 0.85) (layers F.Cu F.Paste F.Mask)
      (net 2 GND))
    (pad 33 smd oval (at 6.75 -4.6 90) (size 1.7 0.85) (layers F.Cu F.Paste F.Mask)
      (net 77 "Net-(U2-Pad33)"))
    (pad 34 smd oval (at 6.75 -3.5 90) (size 1.7 0.85) (layers F.Cu F.Paste F.Mask)
      (net 78 "Net-(U2-Pad34)"))
    (pad 35 smd oval (at 6.75 -2.4 90) (size 1.7 0.85) (layers F.Cu F.Paste F.Mask)
      (net 79 "Net-(U2-Pad35)"))
    (pad 36 smd oval (at 6.75 -1.3 90) (size 1.7 0.85) (layers F.Cu F.Paste F.Mask)
      (net 80 "Net-(U2-Pad36)"))
    (pad 37 smd oval (at 6.75 -0.2 90) (size 1.7 0.85) (layers F.Cu F.Paste F.Mask)
      (net 5 /SWDCLK))
    (pad 38 smd oval (at 6.75 0.9 90) (size 1.7 0.85) (layers F.Cu F.Paste F.Mask)
      (net 28 /SWDIO))
    (pad 39 smd oval (at 6.75 2 90) (size 1.7 0.85) (layers F.Cu F.Paste F.Mask)
      (net 81 "Net-(U2-Pad39)"))
    (pad 40 smd oval (at 6.75 3.1 90) (size 1.7 0.85) (layers F.Cu F.Paste F.Mask)
      (net 82 "Net-(U2-Pad40)"))
    (pad 41 smd oval (at 6.75 4.2 90) (size 1.7 0.85) (layers F.Cu F.Paste F.Mask)
      (net 83 "Net-(U2-Pad41)"))
    (pad 42 smd oval (at 6.75 5.3 90) (size 1.7 0.85) (layers F.Cu F.Paste F.Mask)
      (net 84 "Net-(U2-Pad42)"))
    (pad 43 smd oval (at 6.75 6.4 90) (size 1.7 0.85) (layers F.Cu F.Paste F.Mask)
      (net 85 "Net-(U2-Pad43)"))
    (pad 44 smd oval (at 6.75 7.5 90) (size 1.7 0.85) (layers F.Cu F.Paste F.Mask)
      (net 2 GND))
    (pad 45 smd oval (at 5.5 9 180) (size 1.7 0.85) (layers F.Cu F.Paste F.Mask)
      (net 55 "Net-(R1-Pad2)"))
    (pad 46 smd oval (at 4.4 9 180) (size 1.7 0.85) (layers F.Cu F.Paste F.Mask)
      (net 54 "Net-(R2-Pad2)"))
    (pad 47 smd oval (at 3.3 9 180) (size 1.7 0.85) (layers F.Cu F.Paste F.Mask)
      (net 30 VBUS))
    (pad 48 smd oval (at 2.2 9 180) (size 1.7 0.85) (layers F.Cu F.Paste F.Mask)
      (net 86 "Net-(U2-Pad48)"))
    (pad 49 smd oval (at 1.1 9 180) (size 1.7 0.85) (layers F.Cu F.Paste F.Mask)
      (net 87 "Net-(U2-Pad49)"))
    (pad 50 smd oval (at 0 9 180) (size 1.7 0.85) (layers F.Cu F.Paste F.Mask)
      (net 88 "Net-(U2-Pad50)"))
    (pad 51 smd oval (at -1.1 9 180) (size 1.7 0.85) (layers F.Cu F.Paste F.Mask)
      (net 89 "Net-(U2-Pad51)"))
    (pad 52 smd oval (at -2.2 9 180) (size 1.7 0.85) (layers F.Cu F.Paste F.Mask)
      (net 90 "Net-(U2-Pad52)"))
    (pad 53 smd oval (at -3.3 9 180) (size 1.7 0.85) (layers F.Cu F.Paste F.Mask)
      (net 91 "Net-(U2-Pad53)"))
    (pad 54 smd oval (at -4.4 9 180) (size 1.7 0.85) (layers F.Cu F.Paste F.Mask)
      (net 92 "Net-(U2-Pad54)"))
    (pad 55 smd oval (at -5.5 9 180) (size 1.7 0.85) (layers F.Cu F.Paste F.Mask)
      (net 1 VDD))
    (pad 22 smd rect (at -4.25 5.3 90) (size 1 0.8) (layers F.Cu F.Paste F.Mask)
      (net 93 "Net-(U2-Pad22)"))
    (pad 21 smd rect (at -4.25 4.2 90) (size 1 0.8) (layers F.Cu F.Paste F.Mask)
      (net 94 "Net-(U2-Pad21)"))
    (pad 20 smd rect (at -4.25 3.1 90) (size 1 0.8) (layers F.Cu F.Paste F.Mask)
      (net 95 "Net-(U2-Pad20)"))
    (pad 19 smd rect (at -4.25 2 90) (size 1 0.8) (layers F.Cu F.Paste F.Mask)
      (net 96 "Net-(U2-Pad19)"))
    (pad 18 smd rect (at -4.25 0.9 90) (size 1 0.8) (layers F.Cu F.Paste F.Mask)
      (net 97 "Net-(U2-Pad18)"))
    (pad 17 smd rect (at -4.25 -0.2 90) (size 1 0.8) (layers F.Cu F.Paste F.Mask)
      (net 98 "Net-(U2-Pad17)"))
    (pad 16 smd rect (at -4.25 -1.3 90) (size 1 0.8) (layers F.Cu F.Paste F.Mask)
      (net 99 "Net-(U2-Pad16)"))
    (pad 15 smd rect (at -4.25 -2.4 90) (size 1 0.8) (layers F.Cu F.Paste F.Mask)
      (net 100 "Net-(U2-Pad15)"))
    (pad 14 smd rect (at -4.25 -3.5 90) (size 1 0.8) (layers F.Cu F.Paste F.Mask)
      (net 101 "Net-(U2-Pad14)"))
    (pad 23 smd rect (at 4.25 -3.5 90) (size 1 0.8) (layers F.Cu F.Paste F.Mask)
      (net 102 "Net-(U2-Pad23)"))
    (pad 24 smd rect (at 4.25 -2.4 90) (size 1 0.8) (layers F.Cu F.Paste F.Mask)
      (net 103 "Net-(U2-Pad24)"))
    (pad 25 smd rect (at 4.25 -1.3 90) (size 1 0.8) (layers F.Cu F.Paste F.Mask)
      (net 104 "Net-(U2-Pad25)"))
    (pad 26 smd rect (at 4.25 -0.2 90) (size 1 0.8) (layers F.Cu F.Paste F.Mask)
      (net 105 "Net-(U2-Pad26)"))
    (pad 27 smd rect (at 4.25 0.9 90) (size 1 0.8) (layers F.Cu F.Paste F.Mask)
      (net 106 "Net-(U2-Pad27)"))
    (pad 28 smd rect (at 4.25 2 90) (size 1 0.8) (layers F.Cu F.Paste F.Mask)
      (net 107 "Net-(U2-Pad28)"))
    (pad 29 smd rect (at 4.25 3.1 90) (size 1 0.8) (layers F.Cu F.Paste F.Mask)
      (net 108 "Net-(U2-Pad29)"))
    (pad 30 smd rect (at 4.25 4.2 90) (size 1 0.8) (layers F.Cu F.Paste F.Mask)
      (net 109 "Net-(U2-Pad30)"))
    (pad 31 smd rect (at 4.25 5.3 90) (size 1 0.8) (layers F.Cu F.Paste F.Mask)
      (net 110 "Net-(U2-Pad31)"))
    (model ${KIPRJMOD}/modules/packages3d/RF_Module.3dshapes/Holyiot_18010.step
      (at (xyz 0 0 0))
      (scale (xyz 1 1 1))
      (rotate (xyz -90 0 0))
    )
  )

  (module Resistor_SMD:R_0603_1608Metric (layer F.Cu) (tedit 5B301BBD) (tstamp 5BA45A55)
    (at 172.7 91.5 180)
    (descr "Resistor SMD 0603 (1608 Metric), square (rectangular) end terminal, IPC_7351 nominal, (Body size source: http://www.tortai-tech.com/upload/download/2011102023233369053.pdf), generated with kicad-footprint-generator")
    (tags resistor)
    (path /5D09C829/5D0DDEAB)
    (attr smd)
    (fp_text reference R7 (at 0 -1.43 180) (layer F.SilkS) hide
      (effects (font (size 1 1) (thickness 0.15)))
    )
    (fp_text value 10K (at 0 1.43 180) (layer F.Fab)
      (effects (font (size 1 1) (thickness 0.15)))
    )
    (fp_line (start -0.8 0.4) (end -0.8 -0.4) (layer F.Fab) (width 0.1))
    (fp_line (start -0.8 -0.4) (end 0.8 -0.4) (layer F.Fab) (width 0.1))
    (fp_line (start 0.8 -0.4) (end 0.8 0.4) (layer F.Fab) (width 0.1))
    (fp_line (start 0.8 0.4) (end -0.8 0.4) (layer F.Fab) (width 0.1))
    (fp_line (start -0.162779 -0.51) (end 0.162779 -0.51) (layer F.SilkS) (width 0.12))
    (fp_line (start -0.162779 0.51) (end 0.162779 0.51) (layer F.SilkS) (width 0.12))
    (fp_line (start -1.48 0.73) (end -1.48 -0.73) (layer F.CrtYd) (width 0.05))
    (fp_line (start -1.48 -0.73) (end 1.48 -0.73) (layer F.CrtYd) (width 0.05))
    (fp_line (start 1.48 -0.73) (end 1.48 0.73) (layer F.CrtYd) (width 0.05))
    (fp_line (start 1.48 0.73) (end -1.48 0.73) (layer F.CrtYd) (width 0.05))
    (fp_text user %R (at 0 0 180) (layer F.Fab)
      (effects (font (size 0.4 0.4) (thickness 0.06)))
    )
    (pad 1 smd roundrect (at -0.7875 0 180) (size 0.875 0.95) (layers F.Cu F.Paste F.Mask) (roundrect_rratio 0.25)
      (net 1 VDD))
    (pad 2 smd roundrect (at 0.7875 0 180) (size 0.875 0.95) (layers F.Cu F.Paste F.Mask) (roundrect_rratio 0.25)
      (net 16 /ACCEL_SDA))
    (model ${KISYS3DMOD}/Resistor_SMD.3dshapes/R_0603_1608Metric.wrl
      (at (xyz 0 0 0))
      (scale (xyz 1 1 1))
      (rotate (xyz 0 0 0))
    )
  )

  (module Resistor_SMD:R_0603_1608Metric (layer F.Cu) (tedit 5B301BBD) (tstamp 5BA45A25)
    (at 170 88.8 270)
    (descr "Resistor SMD 0603 (1608 Metric), square (rectangular) end terminal, IPC_7351 nominal, (Body size source: http://www.tortai-tech.com/upload/download/2011102023233369053.pdf), generated with kicad-footprint-generator")
    (tags resistor)
    (path /5D09C829/5D0DDE9D)
    (attr smd)
    (fp_text reference R6 (at 0 -1.43 270) (layer F.SilkS) hide
      (effects (font (size 1 1) (thickness 0.15)))
    )
    (fp_text value 10K (at 0 1.43 270) (layer F.Fab)
      (effects (font (size 1 1) (thickness 0.15)))
    )
    (fp_text user %R (at 0 0 270) (layer F.Fab)
      (effects (font (size 0.4 0.4) (thickness 0.06)))
    )
    (fp_line (start 1.48 0.73) (end -1.48 0.73) (layer F.CrtYd) (width 0.05))
    (fp_line (start 1.48 -0.73) (end 1.48 0.73) (layer F.CrtYd) (width 0.05))
    (fp_line (start -1.48 -0.73) (end 1.48 -0.73) (layer F.CrtYd) (width 0.05))
    (fp_line (start -1.48 0.73) (end -1.48 -0.73) (layer F.CrtYd) (width 0.05))
    (fp_line (start -0.162779 0.51) (end 0.162779 0.51) (layer F.SilkS) (width 0.12))
    (fp_line (start -0.162779 -0.51) (end 0.162779 -0.51) (layer F.SilkS) (width 0.12))
    (fp_line (start 0.8 0.4) (end -0.8 0.4) (layer F.Fab) (width 0.1))
    (fp_line (start 0.8 -0.4) (end 0.8 0.4) (layer F.Fab) (width 0.1))
    (fp_line (start -0.8 -0.4) (end 0.8 -0.4) (layer F.Fab) (width 0.1))
    (fp_line (start -0.8 0.4) (end -0.8 -0.4) (layer F.Fab) (width 0.1))
    (pad 2 smd roundrect (at 0.7875 0 270) (size 0.875 0.95) (layers F.Cu F.Paste F.Mask) (roundrect_rratio 0.25)
      (net 15 /ACCEL_SCL))
    (pad 1 smd roundrect (at -0.7875 0 270) (size 0.875 0.95) (layers F.Cu F.Paste F.Mask) (roundrect_rratio 0.25)
      (net 1 VDD))
    (model ${KISYS3DMOD}/Resistor_SMD.3dshapes/R_0603_1608Metric.wrl
      (at (xyz 0 0 0))
      (scale (xyz 1 1 1))
      (rotate (xyz 0 0 0))
    )
  )

  (module Resistor_SMD:R_0603_1608Metric (layer F.Cu) (tedit 5B301BBD) (tstamp 5BA1C9C4)
    (at 152.1 71.4 180)
    (descr "Resistor SMD 0603 (1608 Metric), square (rectangular) end terminal, IPC_7351 nominal, (Body size source: http://www.tortai-tech.com/upload/download/2011102023233369053.pdf), generated with kicad-footprint-generator")
    (tags resistor)
    (path /5D09C829/5D0F335D)
    (attr smd)
    (fp_text reference R9 (at 0 -1.43 180) (layer F.SilkS) hide
      (effects (font (size 1 1) (thickness 0.15)))
    )
    (fp_text value 360R (at 0 1.43 180) (layer F.Fab)
      (effects (font (size 1 1) (thickness 0.15)))
    )
    (fp_line (start -0.8 0.4) (end -0.8 -0.4) (layer F.Fab) (width 0.1))
    (fp_line (start -0.8 -0.4) (end 0.8 -0.4) (layer F.Fab) (width 0.1))
    (fp_line (start 0.8 -0.4) (end 0.8 0.4) (layer F.Fab) (width 0.1))
    (fp_line (start 0.8 0.4) (end -0.8 0.4) (layer F.Fab) (width 0.1))
    (fp_line (start -0.162779 -0.51) (end 0.162779 -0.51) (layer F.SilkS) (width 0.12))
    (fp_line (start -0.162779 0.51) (end 0.162779 0.51) (layer F.SilkS) (width 0.12))
    (fp_line (start -1.48 0.73) (end -1.48 -0.73) (layer F.CrtYd) (width 0.05))
    (fp_line (start -1.48 -0.73) (end 1.48 -0.73) (layer F.CrtYd) (width 0.05))
    (fp_line (start 1.48 -0.73) (end 1.48 0.73) (layer F.CrtYd) (width 0.05))
    (fp_line (start 1.48 0.73) (end -1.48 0.73) (layer F.CrtYd) (width 0.05))
    (fp_text user %R (at 0 0 180) (layer F.Fab)
      (effects (font (size 0.4 0.4) (thickness 0.06)))
    )
    (pad 1 smd roundrect (at -0.7875 0 180) (size 0.875 0.95) (layers F.Cu F.Paste F.Mask) (roundrect_rratio 0.25)
      (net 7 /LED1_G))
    (pad 2 smd roundrect (at 0.7875 0 180) (size 0.875 0.95) (layers F.Cu F.Paste F.Mask) (roundrect_rratio 0.25)
      (net 40 "Net-(D6-Pad2)"))
    (model ${KISYS3DMOD}/Resistor_SMD.3dshapes/R_0603_1608Metric.wrl
      (at (xyz 0 0 0))
      (scale (xyz 1 1 1))
      (rotate (xyz 0 0 0))
    )
  )

  (module Resistor_SMD:R_0603_1608Metric (layer F.Cu) (tedit 5B301BBD) (tstamp 5BA1C9D5)
    (at 152 75.6 180)
    (descr "Resistor SMD 0603 (1608 Metric), square (rectangular) end terminal, IPC_7351 nominal, (Body size source: http://www.tortai-tech.com/upload/download/2011102023233369053.pdf), generated with kicad-footprint-generator")
    (tags resistor)
    (path /5D09C829/5D0F3367)
    (attr smd)
    (fp_text reference R8 (at 0 -1.43 180) (layer F.SilkS) hide
      (effects (font (size 1 1) (thickness 0.15)))
    )
    (fp_text value 360R (at 0 1.43 180) (layer F.Fab)
      (effects (font (size 1 1) (thickness 0.15)))
    )
    (fp_text user %R (at 0 0 180) (layer F.Fab)
      (effects (font (size 0.4 0.4) (thickness 0.06)))
    )
    (fp_line (start 1.48 0.73) (end -1.48 0.73) (layer F.CrtYd) (width 0.05))
    (fp_line (start 1.48 -0.73) (end 1.48 0.73) (layer F.CrtYd) (width 0.05))
    (fp_line (start -1.48 -0.73) (end 1.48 -0.73) (layer F.CrtYd) (width 0.05))
    (fp_line (start -1.48 0.73) (end -1.48 -0.73) (layer F.CrtYd) (width 0.05))
    (fp_line (start -0.162779 0.51) (end 0.162779 0.51) (layer F.SilkS) (width 0.12))
    (fp_line (start -0.162779 -0.51) (end 0.162779 -0.51) (layer F.SilkS) (width 0.12))
    (fp_line (start 0.8 0.4) (end -0.8 0.4) (layer F.Fab) (width 0.1))
    (fp_line (start 0.8 -0.4) (end 0.8 0.4) (layer F.Fab) (width 0.1))
    (fp_line (start -0.8 -0.4) (end 0.8 -0.4) (layer F.Fab) (width 0.1))
    (fp_line (start -0.8 0.4) (end -0.8 -0.4) (layer F.Fab) (width 0.1))
    (pad 2 smd roundrect (at 0.7875 0 180) (size 0.875 0.95) (layers F.Cu F.Paste F.Mask) (roundrect_rratio 0.25)
      (net 36 "Net-(D6-Pad1)"))
    (pad 1 smd roundrect (at -0.7875 0 180) (size 0.875 0.95) (layers F.Cu F.Paste F.Mask) (roundrect_rratio 0.25)
      (net 6 /LED1_R))
    (model ${KISYS3DMOD}/Resistor_SMD.3dshapes/R_0603_1608Metric.wrl
      (at (xyz 0 0 0))
      (scale (xyz 1 1 1))
      (rotate (xyz 0 0 0))
    )
  )

  (module Resistor_SMD:R_0603_1608Metric (layer F.Cu) (tedit 5B301BBD) (tstamp 5BA1C9E6)
    (at 176 75.6 180)
    (descr "Resistor SMD 0603 (1608 Metric), square (rectangular) end terminal, IPC_7351 nominal, (Body size source: http://www.tortai-tech.com/upload/download/2011102023233369053.pdf), generated with kicad-footprint-generator")
    (tags resistor)
    (path /5D09C829/5D0F333A)
    (attr smd)
    (fp_text reference R11 (at 0 -1.43 180) (layer F.SilkS) hide
      (effects (font (size 1 1) (thickness 0.15)))
    )
    (fp_text value 360R (at 0 1.43 180) (layer F.Fab)
      (effects (font (size 1 1) (thickness 0.15)))
    )
    (fp_line (start -0.8 0.4) (end -0.8 -0.4) (layer F.Fab) (width 0.1))
    (fp_line (start -0.8 -0.4) (end 0.8 -0.4) (layer F.Fab) (width 0.1))
    (fp_line (start 0.8 -0.4) (end 0.8 0.4) (layer F.Fab) (width 0.1))
    (fp_line (start 0.8 0.4) (end -0.8 0.4) (layer F.Fab) (width 0.1))
    (fp_line (start -0.162779 -0.51) (end 0.162779 -0.51) (layer F.SilkS) (width 0.12))
    (fp_line (start -0.162779 0.51) (end 0.162779 0.51) (layer F.SilkS) (width 0.12))
    (fp_line (start -1.48 0.73) (end -1.48 -0.73) (layer F.CrtYd) (width 0.05))
    (fp_line (start -1.48 -0.73) (end 1.48 -0.73) (layer F.CrtYd) (width 0.05))
    (fp_line (start 1.48 -0.73) (end 1.48 0.73) (layer F.CrtYd) (width 0.05))
    (fp_line (start 1.48 0.73) (end -1.48 0.73) (layer F.CrtYd) (width 0.05))
    (fp_text user %R (at 0 0 180) (layer F.Fab)
      (effects (font (size 0.4 0.4) (thickness 0.06)))
    )
    (pad 1 smd roundrect (at -0.7875 0 180) (size 0.875 0.95) (layers F.Cu F.Paste F.Mask) (roundrect_rratio 0.25)
      (net 9 /LED2_R))
    (pad 2 smd roundrect (at 0.7875 0 180) (size 0.875 0.95) (layers F.Cu F.Paste F.Mask) (roundrect_rratio 0.25)
      (net 38 "Net-(D7-Pad1)"))
    (model ${KISYS3DMOD}/Resistor_SMD.3dshapes/R_0603_1608Metric.wrl
      (at (xyz 0 0 0))
      (scale (xyz 1 1 1))
      (rotate (xyz 0 0 0))
    )
  )

  (module Resistor_SMD:R_0603_1608Metric (layer F.Cu) (tedit 5B301BBD) (tstamp 5BA1CA17)
    (at 168.7 73.8 270)
    (descr "Resistor SMD 0603 (1608 Metric), square (rectangular) end terminal, IPC_7351 nominal, (Body size source: http://www.tortai-tech.com/upload/download/2011102023233369053.pdf), generated with kicad-footprint-generator")
    (tags resistor)
    (path /5D09C829/5D0C1A46)
    (attr smd)
    (fp_text reference R5 (at 0 -1.43 270) (layer F.SilkS) hide
      (effects (font (size 1 1) (thickness 0.15)))
    )
    (fp_text value 17K (at 0 1.43 270) (layer F.Fab)
      (effects (font (size 1 1) (thickness 0.15)))
    )
    (fp_text user %R (at 0 0 270) (layer F.Fab)
      (effects (font (size 0.4 0.4) (thickness 0.06)))
    )
    (fp_line (start 1.48 0.73) (end -1.48 0.73) (layer F.CrtYd) (width 0.05))
    (fp_line (start 1.48 -0.73) (end 1.48 0.73) (layer F.CrtYd) (width 0.05))
    (fp_line (start -1.48 -0.73) (end 1.48 -0.73) (layer F.CrtYd) (width 0.05))
    (fp_line (start -1.48 0.73) (end -1.48 -0.73) (layer F.CrtYd) (width 0.05))
    (fp_line (start -0.162779 0.51) (end 0.162779 0.51) (layer F.SilkS) (width 0.12))
    (fp_line (start -0.162779 -0.51) (end 0.162779 -0.51) (layer F.SilkS) (width 0.12))
    (fp_line (start 0.8 0.4) (end -0.8 0.4) (layer F.Fab) (width 0.1))
    (fp_line (start 0.8 -0.4) (end 0.8 0.4) (layer F.Fab) (width 0.1))
    (fp_line (start -0.8 -0.4) (end 0.8 -0.4) (layer F.Fab) (width 0.1))
    (fp_line (start -0.8 0.4) (end -0.8 -0.4) (layer F.Fab) (width 0.1))
    (pad 2 smd roundrect (at 0.7875 0 270) (size 0.875 0.95) (layers F.Cu F.Paste F.Mask) (roundrect_rratio 0.25)
      (net 49 "Net-(C5-Pad2)"))
    (pad 1 smd roundrect (at -0.7875 0 270) (size 0.875 0.95) (layers F.Cu F.Paste F.Mask) (roundrect_rratio 0.25)
      (net 56 "Net-(R5-Pad1)"))
    (model ${KISYS3DMOD}/Resistor_SMD.3dshapes/R_0603_1608Metric.wrl
      (at (xyz 0 0 0))
      (scale (xyz 1 1 1))
      (rotate (xyz 0 0 0))
    )
  )

  (module Resistor_SMD:R_0603_1608Metric (layer F.Cu) (tedit 5B301BBD) (tstamp 5BA1CA28)
    (at 173.5 73.6 90)
    (descr "Resistor SMD 0603 (1608 Metric), square (rectangular) end terminal, IPC_7351 nominal, (Body size source: http://www.tortai-tech.com/upload/download/2011102023233369053.pdf), generated with kicad-footprint-generator")
    (tags resistor)
    (path /5D09C829/5D0F3330)
    (attr smd)
    (fp_text reference R12 (at 0 -1.43 90) (layer F.SilkS) hide
      (effects (font (size 1 1) (thickness 0.15)))
    )
    (fp_text value 360R (at 0 1.43 90) (layer F.Fab)
      (effects (font (size 1 1) (thickness 0.15)))
    )
    (fp_line (start -0.8 0.4) (end -0.8 -0.4) (layer F.Fab) (width 0.1))
    (fp_line (start -0.8 -0.4) (end 0.8 -0.4) (layer F.Fab) (width 0.1))
    (fp_line (start 0.8 -0.4) (end 0.8 0.4) (layer F.Fab) (width 0.1))
    (fp_line (start 0.8 0.4) (end -0.8 0.4) (layer F.Fab) (width 0.1))
    (fp_line (start -0.162779 -0.51) (end 0.162779 -0.51) (layer F.SilkS) (width 0.12))
    (fp_line (start -0.162779 0.51) (end 0.162779 0.51) (layer F.SilkS) (width 0.12))
    (fp_line (start -1.48 0.73) (end -1.48 -0.73) (layer F.CrtYd) (width 0.05))
    (fp_line (start -1.48 -0.73) (end 1.48 -0.73) (layer F.CrtYd) (width 0.05))
    (fp_line (start 1.48 -0.73) (end 1.48 0.73) (layer F.CrtYd) (width 0.05))
    (fp_line (start 1.48 0.73) (end -1.48 0.73) (layer F.CrtYd) (width 0.05))
    (fp_text user %R (at 0 0 90) (layer F.Fab)
      (effects (font (size 0.4 0.4) (thickness 0.06)))
    )
    (pad 1 smd roundrect (at -0.7875 0 90) (size 0.875 0.95) (layers F.Cu F.Paste F.Mask) (roundrect_rratio 0.25)
      (net 10 /LED2_G))
    (pad 2 smd roundrect (at 0.7875 0 90) (size 0.875 0.95) (layers F.Cu F.Paste F.Mask) (roundrect_rratio 0.25)
      (net 41 "Net-(D7-Pad2)"))
    (model ${KISYS3DMOD}/Resistor_SMD.3dshapes/R_0603_1608Metric.wrl
      (at (xyz 0 0 0))
      (scale (xyz 1 1 1))
      (rotate (xyz 0 0 0))
    )
  )

  (module Resistor_SMD:R_0603_1608Metric (layer F.Cu) (tedit 5B301BBD) (tstamp 5BA1CA39)
    (at 176 71.6)
    (descr "Resistor SMD 0603 (1608 Metric), square (rectangular) end terminal, IPC_7351 nominal, (Body size source: http://www.tortai-tech.com/upload/download/2011102023233369053.pdf), generated with kicad-footprint-generator")
    (tags resistor)
    (path /5D09C829/5D0F3326)
    (attr smd)
    (fp_text reference R13 (at 0 -1.43) (layer F.SilkS) hide
      (effects (font (size 1 1) (thickness 0.15)))
    )
    (fp_text value 360R (at 0 1.43) (layer F.Fab)
      (effects (font (size 1 1) (thickness 0.15)))
    )
    (fp_text user %R (at 0 0) (layer F.Fab)
      (effects (font (size 0.4 0.4) (thickness 0.06)))
    )
    (fp_line (start 1.48 0.73) (end -1.48 0.73) (layer F.CrtYd) (width 0.05))
    (fp_line (start 1.48 -0.73) (end 1.48 0.73) (layer F.CrtYd) (width 0.05))
    (fp_line (start -1.48 -0.73) (end 1.48 -0.73) (layer F.CrtYd) (width 0.05))
    (fp_line (start -1.48 0.73) (end -1.48 -0.73) (layer F.CrtYd) (width 0.05))
    (fp_line (start -0.162779 0.51) (end 0.162779 0.51) (layer F.SilkS) (width 0.12))
    (fp_line (start -0.162779 -0.51) (end 0.162779 -0.51) (layer F.SilkS) (width 0.12))
    (fp_line (start 0.8 0.4) (end -0.8 0.4) (layer F.Fab) (width 0.1))
    (fp_line (start 0.8 -0.4) (end 0.8 0.4) (layer F.Fab) (width 0.1))
    (fp_line (start -0.8 -0.4) (end 0.8 -0.4) (layer F.Fab) (width 0.1))
    (fp_line (start -0.8 0.4) (end -0.8 -0.4) (layer F.Fab) (width 0.1))
    (pad 2 smd roundrect (at 0.7875 0) (size 0.875 0.95) (layers F.Cu F.Paste F.Mask) (roundrect_rratio 0.25)
      (net 37 "Net-(D7-Pad3)"))
    (pad 1 smd roundrect (at -0.7875 0) (size 0.875 0.95) (layers F.Cu F.Paste F.Mask) (roundrect_rratio 0.25)
      (net 18 /LED2_B))
    (model ${KISYS3DMOD}/Resistor_SMD.3dshapes/R_0603_1608Metric.wrl
      (at (xyz 0 0 0))
      (scale (xyz 1 1 1))
      (rotate (xyz 0 0 0))
    )
  )

  (module Resistor_SMD:R_0603_1608Metric (layer F.Cu) (tedit 5B301BBD) (tstamp 5BA1CA4A)
    (at 173.5 98.4 90)
    (descr "Resistor SMD 0603 (1608 Metric), square (rectangular) end terminal, IPC_7351 nominal, (Body size source: http://www.tortai-tech.com/upload/download/2011102023233369053.pdf), generated with kicad-footprint-generator")
    (tags resistor)
    (path /5D09C829/5D0F32D6)
    (attr smd)
    (fp_text reference R18 (at 0 -1.43 90) (layer F.SilkS) hide
      (effects (font (size 1 1) (thickness 0.15)))
    )
    (fp_text value 360R (at 0 1.43 90) (layer F.Fab)
      (effects (font (size 1 1) (thickness 0.15)))
    )
    (fp_line (start -0.8 0.4) (end -0.8 -0.4) (layer F.Fab) (width 0.1))
    (fp_line (start -0.8 -0.4) (end 0.8 -0.4) (layer F.Fab) (width 0.1))
    (fp_line (start 0.8 -0.4) (end 0.8 0.4) (layer F.Fab) (width 0.1))
    (fp_line (start 0.8 0.4) (end -0.8 0.4) (layer F.Fab) (width 0.1))
    (fp_line (start -0.162779 -0.51) (end 0.162779 -0.51) (layer F.SilkS) (width 0.12))
    (fp_line (start -0.162779 0.51) (end 0.162779 0.51) (layer F.SilkS) (width 0.12))
    (fp_line (start -1.48 0.73) (end -1.48 -0.73) (layer F.CrtYd) (width 0.05))
    (fp_line (start -1.48 -0.73) (end 1.48 -0.73) (layer F.CrtYd) (width 0.05))
