(kicad_pcb (version 20171130) (host pcbnew "(6.0.0-rc1-dev-332-g00d912f0b)")

  (general
    (thickness 1.6)
    (drawings 84)
    (tracks 0)
    (zones 0)
    (modules 55)
    (nets 102)
  )

  (page A4)
  (layers
    (0 F.Cu signal)
    (31 B.Cu signal)
    (32 B.Adhes user)
    (33 F.Adhes user)
    (34 B.Paste user)
    (35 F.Paste user)
    (36 B.SilkS user)
    (37 F.SilkS user)
    (38 B.Mask user)
    (39 F.Mask user)
    (40 Dwgs.User user)
    (41 Cmts.User user)
    (42 Eco1.User user)
    (43 Eco2.User user)
    (44 Edge.Cuts user)
    (45 Margin user)
    (46 B.CrtYd user)
    (47 F.CrtYd user)
    (48 B.Fab user)
    (49 F.Fab user)
  )

  (setup
    (last_trace_width 0.25)
    (trace_clearance 0.2)
    (zone_clearance 0.508)
    (zone_45_only no)
    (trace_min 0.2)
    (via_size 0.8)
    (via_drill 0.4)
    (via_min_size 0.4)
    (via_min_drill 0.3)
    (uvia_size 0.3)
    (uvia_drill 0.1)
    (uvias_allowed no)
    (uvia_min_size 0.2)
    (uvia_min_drill 0.1)
    (edge_width 0.05)
    (segment_width 0.2)
    (pcb_text_width 0.3)
    (pcb_text_size 1.5 1.5)
    (mod_edge_width 0.12)
    (mod_text_size 1 1)
    (mod_text_width 0.15)
    (pad_size 1.524 1.524)
    (pad_drill 0.762)
    (pad_to_mask_clearance 0.2)
    (aux_axis_origin 0 0)
    (visible_elements 7FFFFFFF)
    (pcbplotparams
      (layerselection 0x010fc_ffffffff)
      (usegerberextensions false)
      (usegerberattributes false)
      (usegerberadvancedattributes false)
      (creategerberjobfile false)
      (excludeedgelayer true)
      (linewidth 0.100000)
      (plotframeref false)
      (viasonmask false)
      (mode 1)
      (useauxorigin false)
      (hpglpennumber 1)
      (hpglpenspeed 20)
      (hpglpendiameter 15.000000)
      (psnegative false)
      (psa4output false)
      (plotreference true)
      (plotvalue true)
      (plotinvisibletext false)
      (padsonsilk false)
      (subtractmaskfromsilk false)
      (outputformat 1)
      (mirror false)
      (drillshape 1)
      (scaleselection 1)
      (outputdirectory ""))
  )

  (net 0 "")
  (net 1 /MIC_DATA)
  (net 2 VDD)
  (net 3 GND)
  (net 4 /MIC_CLK)
  (net 5 /LED3_G)
  (net 6 "Net-(D3-Pad2)")
  (net 7 "Net-(D3-Pad1)")
  (net 8 /LED3_R)
  (net 9 /SWDCLK)
  (net 10 "Net-(D1-Pad1)")
  (net 11 /LED1_R)
  (net 12 /LED1_G)
  (net 13 "Net-(D1-Pad2)")
  (net 14 "Net-(D1-Pad3)")
  (net 15 /LED1_B)
  (net 16 /LED2_R)
  (net 17 "Net-(D2-Pad1)")
  (net 18 "Net-(D2-Pad2)")
  (net 19 /LED2_G)
  (net 20 /LED3_B)
  (net 21 "Net-(D3-Pad3)")
  (net 22 "Net-(D4-Pad1)")
  (net 23 /LED4_R)
  (net 24 /LED4_G)
  (net 25 "Net-(D4-Pad2)")
  (net 26 "Net-(D4-Pad3)")
  (net 27 /LED4_B)
  (net 28 /ACCEL_SCL)
  (net 29 /ACCEL_SDA)
  (net 30 "Net-(R16-Pad1)")
  (net 31 "Net-(C14-Pad2)")
  (net 32 "Net-(D2-Pad3)")
  (net 33 /LED2_B)
  (net 34 "Net-(U6-Pad16)")
  (net 35 "Net-(U6-Pad15)")
  (net 36 "Net-(U6-Pad14)")
  (net 37 "Net-(U6-Pad12)")
  (net 38 "Net-(U6-Pad11)")
  (net 39 "Net-(ANT1-Pad1)")
  (net 40 "Net-(U6-Pad7)")
  (net 41 /RFM_RESET)
  (net 42 /RFM_CS)
  (net 43 /RFM_SCK)
  (net 44 /RFM_MOSI)
  (net 45 /RFM_MISO)
  (net 46 "Net-(LS1-Pad2)")
  (net 47 /SPEAKER_SD)
  (net 48 "Net-(LS1-Pad1)")
  (net 49 /VIBRATOR)
  (net 50 "Net-(C1-Pad1)")
  (net 51 "Net-(C7-Pad2)")
  (net 52 /FLASH_CS)
  (net 53 /FLASH_SO)
  (net 54 /FLASH_SI)
  (net 55 /FLASH_SCK)
  (net 56 "Net-(U3-Pad9)")
  (net 57 /ACCEL_INT)
  (net 58 /SPEAKER)
  (net 59 "Net-(U1-Pad5)")
  (net 60 "Net-(U1-Pad6)")
  (net 61 "Net-(U1-Pad9)")
  (net 62 "Net-(U1-Pad10)")
  (net 63 "Net-(U1-Pad11)")
  (net 64 "Net-(U1-Pad12)")
  (net 65 /LCD_DIN)
  (net 66 /LCD_SCK)
  (net 67 /LCD_RESET)
  (net 68 /LCD_CS)
  (net 69 /LCD_DC)
  (net 70 "Net-(U1-Pad20)")
  (net 71 "Net-(U1-Pad28)")
  (net 72 "Net-(U1-Pad29)")
  (net 73 "Net-(U1-Pad31)")
  (net 74 "Net-(U1-Pad32)")
  (net 75 "Net-(U1-Pad36)")
  (net 76 "Net-(U1-Pad37)")
  (net 77 "Net-(U1-Pad38)")
  (net 78 "Net-(U1-Pad39)")
  (net 79 "Net-(U1-Pad40)")
  (net 80 "Net-(U1-Pad44)")
  (net 81 /USB_D-)
  (net 82 /USB_D+)
  (net 83 "Net-(U1-Pad49)")
  (net 84 "Net-(U1-Pad50)")
  (net 85 "Net-(U1-Pad52)")
  (net 86 +1V2)
  (net 87 /SWDIO)
  (net 88 "Net-(U1-Pad59)")
  (net 89 "Net-(U1-Pad60)")
  (net 90 "Net-(U1-Pad61)")
  (net 91 "Net-(U1-Pad62)")
  (net 92 "Net-(U1-Pad63)")
  (net 93 "Net-(U1-Pad64)")
  (net 94 "Net-(C11-Pad2)")
  (net 95 VBUS)
  (net 96 +BATT)
  (net 97 "Net-(J2-Pad4)")
  (net 98 /BTN_UP)
  (net 99 /BTN_DOWN)
  (net 100 /BTN_SELECT)
  (net 101 /BTN_BACK)

  (net_class Default "This is the default net class."
    (clearance 0.2)
    (trace_width 0.25)
    (via_dia 0.8)
    (via_drill 0.4)
    (uvia_dia 0.3)
    (uvia_drill 0.1)
    (add_net +1V2)
    (add_net +BATT)
    (add_net /ACCEL_INT)
    (add_net /ACCEL_SCL)
    (add_net /ACCEL_SDA)
    (add_net /BTN_BACK)
    (add_net /BTN_DOWN)
    (add_net /BTN_SELECT)
    (add_net /BTN_UP)
    (add_net /FLASH_CS)
    (add_net /FLASH_SCK)
    (add_net /FLASH_SI)
    (add_net /FLASH_SO)
    (add_net /LCD_CS)
    (add_net /LCD_DC)
    (add_net /LCD_DIN)
    (add_net /LCD_RESET)
    (add_net /LCD_SCK)
    (add_net /LED1_B)
    (add_net /LED1_G)
    (add_net /LED1_R)
    (add_net /LED2_B)
    (add_net /LED2_G)
    (add_net /LED2_R)
    (add_net /LED3_B)
    (add_net /LED3_G)
    (add_net /LED3_R)
    (add_net /LED4_B)
    (add_net /LED4_G)
    (add_net /LED4_R)
    (add_net /MIC_CLK)
    (add_net /MIC_DATA)
    (add_net /RFM_CS)
    (add_net /RFM_MISO)
    (add_net /RFM_MOSI)
    (add_net /RFM_RESET)
    (add_net /RFM_SCK)
    (add_net /SPEAKER)
    (add_net /SPEAKER_SD)
    (add_net /SWDCLK)
    (add_net /SWDIO)
    (add_net /USB_D+)
    (add_net /USB_D-)
    (add_net /VIBRATOR)
    (add_net GND)
    (add_net "Net-(ANT1-Pad1)")
    (add_net "Net-(C1-Pad1)")
    (add_net "Net-(C11-Pad2)")
    (add_net "Net-(C14-Pad2)")
    (add_net "Net-(C7-Pad2)")
    (add_net "Net-(D1-Pad1)")
    (add_net "Net-(D1-Pad2)")
    (add_net "Net-(D1-Pad3)")
    (add_net "Net-(D2-Pad1)")
    (add_net "Net-(D2-Pad2)")
    (add_net "Net-(D2-Pad3)")
    (add_net "Net-(D3-Pad1)")
    (add_net "Net-(D3-Pad2)")
    (add_net "Net-(D3-Pad3)")
    (add_net "Net-(D4-Pad1)")
    (add_net "Net-(D4-Pad2)")
    (add_net "Net-(D4-Pad3)")
    (add_net "Net-(J2-Pad4)")
    (add_net "Net-(LS1-Pad1)")
    (add_net "Net-(LS1-Pad2)")
    (add_net "Net-(R16-Pad1)")
    (add_net "Net-(U1-Pad10)")
    (add_net "Net-(U1-Pad11)")
    (add_net "Net-(U1-Pad12)")
    (add_net "Net-(U1-Pad20)")
    (add_net "Net-(U1-Pad28)")
    (add_net "Net-(U1-Pad29)")
    (add_net "Net-(U1-Pad31)")
    (add_net "Net-(U1-Pad32)")
    (add_net "Net-(U1-Pad36)")
    (add_net "Net-(U1-Pad37)")
    (add_net "Net-(U1-Pad38)")
    (add_net "Net-(U1-Pad39)")
    (add_net "Net-(U1-Pad40)")
    (add_net "Net-(U1-Pad44)")
    (add_net "Net-(U1-Pad49)")
    (add_net "Net-(U1-Pad5)")
    (add_net "Net-(U1-Pad50)")
    (add_net "Net-(U1-Pad52)")
    (add_net "Net-(U1-Pad59)")
    (add_net "Net-(U1-Pad6)")
    (add_net "Net-(U1-Pad60)")
    (add_net "Net-(U1-Pad61)")
    (add_net "Net-(U1-Pad62)")
    (add_net "Net-(U1-Pad63)")
    (add_net "Net-(U1-Pad64)")
    (add_net "Net-(U1-Pad9)")
    (add_net "Net-(U3-Pad9)")
    (add_net "Net-(U6-Pad11)")
    (add_net "Net-(U6-Pad12)")
    (add_net "Net-(U6-Pad14)")
    (add_net "Net-(U6-Pad15)")
    (add_net "Net-(U6-Pad16)")
    (add_net "Net-(U6-Pad7)")
    (add_net VBUS)
    (add_net VDD)
  )

  (module RF_Antenna_Extra:W3127 (layer F.Cu) (tedit 5B9D67CA) (tstamp 5B9DF698)
    (at 222.1 65.9)
    (path /5BCE40C3/5BCF1D6F)
    (fp_text reference ANT1 (at 9.43 6.14) (layer F.SilkS)
      (effects (font (size 1 1) (thickness 0.15)))
    )
    (fp_text value ACAG1204-433-T (at 9.43 5.14) (layer F.Fab)
      (effects (font (size 1 1) (thickness 0.15)))
    )
    (fp_line (start 20.5 3.5) (end -19.5 12) (layer F.Fab) (width 0.12))
    (fp_line (start -19.5 3.5) (end 20.5 12) (layer F.Fab) (width 0.12))
    (fp_line (start -19.5 12) (end -19.5 3.5) (layer F.Fab) (width 0.12))
    (fp_line (start 20.5 12) (end -19.5 12) (layer F.Fab) (width 0.12))
    (fp_line (start 20.5 3.5) (end 20.5 12) (layer F.Fab) (width 0.12))
    (fp_line (start -19.5 3.5) (end 20.5 3.5) (layer F.Fab) (width 0.12))
    (fp_line (start -17.7 3.5) (end -17.7 -3.5) (layer F.CrtYd) (width 0.12))
    (fp_line (start 17.7 3.5) (end -17.7 3.5) (layer F.CrtYd) (width 0.12))
    (fp_line (start 17.7 -3.5) (end 17.7 3.5) (layer F.CrtYd) (width 0.12))
    (fp_line (start -17.7 -3.5) (end 17.7 -3.5) (layer F.CrtYd) (width 0.12))
    (pad 1 thru_hole circle (at -16.65 0) (size 1.6 1.6) (drill 0.9) (layers *.Cu *.Mask)
      (net 39 "Net-(ANT1-Pad1)"))
    (pad "" np_thru_hole circle (at 12.5 0) (size 2.5 2.5) (drill 2.5) (layers *.Cu *.Mask))
    (pad "" np_thru_hole circle (at -12.5 0) (size 2.5 2.5) (drill 2.5) (layers *.Cu *.Mask))
    (model "E:/Downloads/User Library-Spring GSM Antenna.STEP"
      (offset (xyz -16.5 0 0))
      (scale (xyz 1.5 1 1))
      (rotate (xyz -90 0 0))
    )
  )

  (module Battery_Extra:BAT-HLD-001 (layer F.Cu) (tedit 59E28903) (tstamp 5B9DF051)
    (at 156.170008 73.323945)
    (path /5BD9845F/5BDB77D6)
    (fp_text reference BT1 (at 0 9) (layer F.SilkS)
      (effects (font (size 1 1) (thickness 0.15)))
    )
    (fp_text value CR2032 (at 0 -8.8) (layer F.Fab)
      (effects (font (size 1 1) (thickness 0.15)))
    )
    (fp_line (start 10.549862 -4.75) (end 7.35 -7.55) (layer F.Fab) (width 0.15))
    (fp_line (start -10.55 -4.75) (end -7.35 -7.55) (layer F.Fab) (width 0.15))
    (fp_line (start -7.35 -7.55) (end 7.35 -7.55) (layer F.Fab) (width 0.15))
    (fp_line (start 10.55 -4.75) (end 10.55 4.55) (layer F.Fab) (width 0.15))
    (fp_line (start -10.55 -4.75) (end -10.55 4.55) (layer F.Fab) (width 0.15))
    (fp_arc (start 0 10.75) (end 0 5.7) (angle -46) (layer F.Fab) (width 0.15))
    (fp_line (start -10.55 4.55) (end -7.45 7.35) (layer F.Fab) (width 0.15))
    (fp_arc (start -5.6 4.85) (end -7.45 7.345) (angle -74.3) (layer F.Fab) (width 0.15))
    (fp_arc (start 0 10.75) (end 0 5.7) (angle 46) (layer F.Fab) (width 0.15))
    (fp_line (start 10.55 4.55) (end 7.45 7.35) (layer F.Fab) (width 0.15))
    (fp_arc (start 5.6 4.85) (end 7.45 7.345) (angle 74.3) (layer F.Fab) (width 0.15))
    (fp_line (start -10.55 -4.75) (end -7.35 -7.55) (layer F.SilkS) (width 0.15))
    (fp_line (start 10.549862 -4.75) (end 7.35 -7.55) (layer F.SilkS) (width 0.15))
    (fp_line (start -10.55 -4.75) (end -10.55 -2.65) (layer F.SilkS) (width 0.15))
    (fp_arc (start 0 10.75) (end 0 5.7) (angle -46) (layer F.SilkS) (width 0.15))
    (fp_line (start -10.55 4.55) (end -7.45 7.35) (layer F.SilkS) (width 0.15))
    (fp_arc (start -5.6 4.85) (end -7.45 7.345) (angle -74.3) (layer F.SilkS) (width 0.15))
    (fp_line (start 10.55 -4.75) (end 10.55 -2.65) (layer F.SilkS) (width 0.15))
    (fp_line (start -7.35 -7.55) (end 7.35 -7.55) (layer F.SilkS) (width 0.15))
    (fp_arc (start 0 10.75) (end 0 5.7) (angle 46) (layer F.SilkS) (width 0.15))
    (fp_arc (start 5.6 4.85) (end 7.45 7.345) (angle 74.3) (layer F.SilkS) (width 0.15))
    (fp_line (start 10.55 4.55) (end 7.45 7.35) (layer F.SilkS) (width 0.15))
    (fp_line (start 10.55 2.65) (end 10.55 4.55) (layer F.SilkS) (width 0.15))
    (fp_line (start -10.55 2.65) (end -10.55 4.55) (layer F.SilkS) (width 0.15))
    (pad 2 smd circle (at 0 0.1) (size 15 15) (layers F.Cu F.Paste F.Mask)
      (net 3 GND))
    (pad 1 smd rect (at 11.45 0) (size 2.5 5.1) (layers F.Cu F.Paste F.Mask)
      (net 96 +BATT))
    (pad 1 smd rect (at -11.45 0) (size 2.5 5.1) (layers F.Cu F.Paste F.Mask)
      (net 96 +BATT))
  )

  (module Button_Switch_SMD_Extra:KLS7-TS2402 (layer F.Cu) (tedit 59E34736) (tstamp 5B9DD4F7)
    (at 158.356268 93.464998)
    (path /5B9D57B0)
    (fp_text reference SW4 (at 0 2.25) (layer F.SilkS)
      (effects (font (size 1 1) (thickness 0.15)))
    )
    (fp_text value Btn_Back (at 0.025 -3.375) (layer F.Fab)
      (effects (font (size 1 1) (thickness 0.15)))
    )
    (fp_arc (start -0.8 -2.325) (end -0.8 -2.475) (angle -90) (layer F.Fab) (width 0.15))
    (fp_arc (start 0.8 -2.325) (end 0.95 -2.325) (angle -90) (layer F.Fab) (width 0.15))
    (fp_line (start -1.2 0.975) (end 1.2 0.975) (layer F.SilkS) (width 0.15))
    (fp_line (start -2.35 0.975) (end -2.15 0.975) (layer F.SilkS) (width 0.15))
    (fp_line (start 2.35 0.975) (end 2.35 -0.075) (layer F.SilkS) (width 0.15))
    (fp_line (start -2.35 0.975) (end -2.35 -0.075) (layer F.SilkS) (width 0.15))
    (fp_line (start 1.4 -1.275) (end -1.4 -1.275) (layer F.SilkS) (width 0.15))
    (fp_line (start 2.15 0.975) (end 2.35 0.975) (layer F.SilkS) (width 0.15))
    (fp_line (start 1.85 1.125) (end 1.85 0.425) (layer F.Fab) (width 0.15))
    (fp_line (start 1.5 1.125) (end 1.85 1.125) (layer F.Fab) (width 0.15))
    (fp_line (start 1.5 0.425) (end 1.5 1.125) (layer F.Fab) (width 0.15))
    (fp_line (start 1.85 0.425) (end 1.5 0.425) (layer F.Fab) (width 0.15))
    (fp_line (start -1.85 0.425) (end -1.85 1.125) (layer F.Fab) (width 0.15))
    (fp_line (start -1.5 0.425) (end -1.85 0.425) (layer F.Fab) (width 0.15))
    (fp_line (start -1.5 1.125) (end -1.5 0.425) (layer F.Fab) (width 0.15))
    (fp_line (start -1.85 1.125) (end -1.5 1.125) (layer F.Fab) (width 0.15))
    (fp_line (start 0.95 -2.325) (end 0.95 -1.275) (layer F.Fab) (width 0.15))
    (fp_line (start -0.8 -2.475) (end 0.8 -2.475) (layer F.Fab) (width 0.15))
    (fp_line (start -0.95 -1.275) (end -0.95 -2.325) (layer F.Fab) (width 0.15))
    (fp_line (start 2.35 -1.275) (end -2.35 -1.275) (layer F.Fab) (width 0.15))
    (fp_line (start 2.35 0.975) (end 2.35 -1.275) (layer F.Fab) (width 0.15))
    (fp_line (start -2.35 0.975) (end 2.35 0.975) (layer F.Fab) (width 0.15))
    (fp_line (start -2.35 0.975) (end -2.35 -1.275) (layer F.Fab) (width 0.15))
    (pad 1 smd rect (at -1.675 0.825) (size 0.75 1.1) (layers F.Cu F.Paste F.Mask)
      (net 3 GND))
    (pad 2 smd rect (at 1.675 0.825) (size 0.75 1.1) (layers F.Cu F.Paste F.Mask)
      (net 101 /BTN_BACK))
    (pad ~ smd rect (at -2.25 -0.475) (size 0.6 0.6) (layers F.Cu F.Paste F.Mask))
    (pad ~ smd rect (at 2.25 -0.475) (size 0.6 0.6) (layers F.Cu F.Paste F.Mask))
    (pad ~ smd rect (at 2.025 -1.075) (size 1.05 0.6) (layers F.Cu F.Paste F.Mask))
    (pad ~ smd rect (at -2.025 -1.075) (size 1.05 0.6) (layers F.Cu F.Paste F.Mask))
    (pad ~ thru_hole circle (at 0.85 -0.375) (size 0.65 0.65) (drill 0.65) (layers *.Cu *.Mask))
    (pad ~ thru_hole circle (at -0.85 -0.375) (size 0.65 0.65) (drill 0.65) (layers *.Cu *.Mask))
  )

  (module Button_Switch_SMD_Extra:KLS7-TS2402 (layer F.Cu) (tedit 59E34736) (tstamp 5B9DD4D4)
    (at 146.020008 95.375)
    (path /5B9D1F44)
    (fp_text reference SW3 (at 0 2.25) (layer F.SilkS)
      (effects (font (size 1 1) (thickness 0.15)))
    )
    (fp_text value Btn_Select (at 0.025 -3.375) (layer F.Fab)
      (effects (font (size 1 1) (thickness 0.15)))
    )
    (fp_line (start -2.35 0.975) (end -2.35 -1.275) (layer F.Fab) (width 0.15))
    (fp_line (start -2.35 0.975) (end 2.35 0.975) (layer F.Fab) (width 0.15))
    (fp_line (start 2.35 0.975) (end 2.35 -1.275) (layer F.Fab) (width 0.15))
    (fp_line (start 2.35 -1.275) (end -2.35 -1.275) (layer F.Fab) (width 0.15))
    (fp_line (start -0.95 -1.275) (end -0.95 -2.325) (layer F.Fab) (width 0.15))
    (fp_line (start -0.8 -2.475) (end 0.8 -2.475) (layer F.Fab) (width 0.15))
    (fp_line (start 0.95 -2.325) (end 0.95 -1.275) (layer F.Fab) (width 0.15))
    (fp_line (start -1.85 1.125) (end -1.5 1.125) (layer F.Fab) (width 0.15))
    (fp_line (start -1.5 1.125) (end -1.5 0.425) (layer F.Fab) (width 0.15))
    (fp_line (start -1.5 0.425) (end -1.85 0.425) (layer F.Fab) (width 0.15))
    (fp_line (start -1.85 0.425) (end -1.85 1.125) (layer F.Fab) (width 0.15))
    (fp_line (start 1.85 0.425) (end 1.5 0.425) (layer F.Fab) (width 0.15))
    (fp_line (start 1.5 0.425) (end 1.5 1.125) (layer F.Fab) (width 0.15))
    (fp_line (start 1.5 1.125) (end 1.85 1.125) (layer F.Fab) (width 0.15))
    (fp_line (start 1.85 1.125) (end 1.85 0.425) (layer F.Fab) (width 0.15))
    (fp_line (start 2.15 0.975) (end 2.35 0.975) (layer F.SilkS) (width 0.15))
    (fp_line (start 1.4 -1.275) (end -1.4 -1.275) (layer F.SilkS) (width 0.15))
    (fp_line (start -2.35 0.975) (end -2.35 -0.075) (layer F.SilkS) (width 0.15))
    (fp_line (start 2.35 0.975) (end 2.35 -0.075) (layer F.SilkS) (width 0.15))
    (fp_line (start -2.35 0.975) (end -2.15 0.975) (layer F.SilkS) (width 0.15))
    (fp_line (start -1.2 0.975) (end 1.2 0.975) (layer F.SilkS) (width 0.15))
    (fp_arc (start 0.8 -2.325) (end 0.95 -2.325) (angle -90) (layer F.Fab) (width 0.15))
    (fp_arc (start -0.8 -2.325) (end -0.8 -2.475) (angle -90) (layer F.Fab) (width 0.15))
    (pad ~ thru_hole circle (at -0.85 -0.375) (size 0.65 0.65) (drill 0.65) (layers *.Cu *.Mask))
    (pad ~ thru_hole circle (at 0.85 -0.375) (size 0.65 0.65) (drill 0.65) (layers *.Cu *.Mask))
    (pad ~ smd rect (at -2.025 -1.075) (size 1.05 0.6) (layers F.Cu F.Paste F.Mask))
    (pad ~ smd rect (at 2.025 -1.075) (size 1.05 0.6) (layers F.Cu F.Paste F.Mask))
    (pad ~ smd rect (at 2.25 -0.475) (size 0.6 0.6) (layers F.Cu F.Paste F.Mask))
    (pad ~ smd rect (at -2.25 -0.475) (size 0.6 0.6) (layers F.Cu F.Paste F.Mask))
    (pad 2 smd rect (at 1.675 0.825) (size 0.75 1.1) (layers F.Cu F.Paste F.Mask)
      (net 100 /BTN_SELECT))
    (pad 1 smd rect (at -1.675 0.825) (size 0.75 1.1) (layers F.Cu F.Paste F.Mask)
      (net 3 GND))
  )

  (module Button_Switch_SMD_Extra:KLS7-TS2402 (layer F.Cu) (tedit 59E34736) (tstamp 5B9DD4B1)
    (at 151.820008 95.375)
    (path /5B9D3049)
    (fp_text reference SW2 (at 0 2.25) (layer F.SilkS)
      (effects (font (size 1 1) (thickness 0.15)))
    )
    (fp_text value Btn_Down (at 0.025 -3.375) (layer F.Fab)
      (effects (font (size 1 1) (thickness 0.15)))
    )
    (fp_arc (start -0.8 -2.325) (end -0.8 -2.475) (angle -90) (layer F.Fab) (width 0.15))
    (fp_arc (start 0.8 -2.325) (end 0.95 -2.325) (angle -90) (layer F.Fab) (width 0.15))
    (fp_line (start -1.2 0.975) (end 1.2 0.975) (layer F.SilkS) (width 0.15))
    (fp_line (start -2.35 0.975) (end -2.15 0.975) (layer F.SilkS) (width 0.15))
    (fp_line (start 2.35 0.975) (end 2.35 -0.075) (layer F.SilkS) (width 0.15))
    (fp_line (start -2.35 0.975) (end -2.35 -0.075) (layer F.SilkS) (width 0.15))
    (fp_line (start 1.4 -1.275) (end -1.4 -1.275) (layer F.SilkS) (width 0.15))
    (fp_line (start 2.15 0.975) (end 2.35 0.975) (layer F.SilkS) (width 0.15))
    (fp_line (start 1.85 1.125) (end 1.85 0.425) (layer F.Fab) (width 0.15))
    (fp_line (start 1.5 1.125) (end 1.85 1.125) (layer F.Fab) (width 0.15))
    (fp_line (start 1.5 0.425) (end 1.5 1.125) (layer F.Fab) (width 0.15))
    (fp_line (start 1.85 0.425) (end 1.5 0.425) (layer F.Fab) (width 0.15))
    (fp_line (start -1.85 0.425) (end -1.85 1.125) (layer F.Fab) (width 0.15))
    (fp_line (start -1.5 0.425) (end -1.85 0.425) (layer F.Fab) (width 0.15))
    (fp_line (start -1.5 1.125) (end -1.5 0.425) (layer F.Fab) (width 0.15))
    (fp_line (start -1.85 1.125) (end -1.5 1.125) (layer F.Fab) (width 0.15))
    (fp_line (start 0.95 -2.325) (end 0.95 -1.275) (layer F.Fab) (width 0.15))
    (fp_line (start -0.8 -2.475) (end 0.8 -2.475) (layer F.Fab) (width 0.15))
    (fp_line (start -0.95 -1.275) (end -0.95 -2.325) (layer F.Fab) (width 0.15))
    (fp_line (start 2.35 -1.275) (end -2.35 -1.275) (layer F.Fab) (width 0.15))
    (fp_line (start 2.35 0.975) (end 2.35 -1.275) (layer F.Fab) (width 0.15))
    (fp_line (start -2.35 0.975) (end 2.35 0.975) (layer F.Fab) (width 0.15))
    (fp_line (start -2.35 0.975) (end -2.35 -1.275) (layer F.Fab) (width 0.15))
    (pad 1 smd rect (at -1.675 0.825) (size 0.75 1.1) (layers F.Cu F.Paste F.Mask)
      (net 3 GND))
    (pad 2 smd rect (at 1.675 0.825) (size 0.75 1.1) (layers F.Cu F.Paste F.Mask)
      (net 99 /BTN_DOWN))
    (pad ~ smd rect (at -2.25 -0.475) (size 0.6 0.6) (layers F.Cu F.Paste F.Mask))
    (pad ~ smd rect (at 2.25 -0.475) (size 0.6 0.6) (layers F.Cu F.Paste F.Mask))
    (pad ~ smd rect (at 2.025 -1.075) (size 1.05 0.6) (layers F.Cu F.Paste F.Mask))
    (pad ~ smd rect (at -2.025 -1.075) (size 1.05 0.6) (layers F.Cu F.Paste F.Mask))
    (pad ~ thru_hole circle (at 0.85 -0.375) (size 0.65 0.65) (drill 0.65) (layers *.Cu *.Mask))
    (pad ~ thru_hole circle (at -0.85 -0.375) (size 0.65 0.65) (drill 0.65) (layers *.Cu *.Mask))
  )

  (module Button_Switch_SMD_Extra:KLS7-TS2402 (layer F.Cu) (tedit 59E34736) (tstamp 5B9DD48E)
    (at 164.156268 93.464998)
    (path /5B9D0055)
    (fp_text reference SW1 (at 0 2.25) (layer F.SilkS)
      (effects (font (size 1 1) (thickness 0.15)))
    )
    (fp_text value Btn_Up (at 0.025 -3.375) (layer F.Fab)
      (effects (font (size 1 1) (thickness 0.15)))
    )
    (fp_line (start -2.35 0.975) (end -2.35 -1.275) (layer F.Fab) (width 0.15))
    (fp_line (start -2.35 0.975) (end 2.35 0.975) (layer F.Fab) (width 0.15))
    (fp_line (start 2.35 0.975) (end 2.35 -1.275) (layer F.Fab) (width 0.15))
    (fp_line (start 2.35 -1.275) (end -2.35 -1.275) (layer F.Fab) (width 0.15))
    (fp_line (start -0.95 -1.275) (end -0.95 -2.325) (layer F.Fab) (width 0.15))
    (fp_line (start -0.8 -2.475) (end 0.8 -2.475) (layer F.Fab) (width 0.15))
    (fp_line (start 0.95 -2.325) (end 0.95 -1.275) (layer F.Fab) (width 0.15))
    (fp_line (start -1.85 1.125) (end -1.5 1.125) (layer F.Fab) (width 0.15))
    (fp_line (start -1.5 1.125) (end -1.5 0.425) (layer F.Fab) (width 0.15))
    (fp_line (start -1.5 0.425) (end -1.85 0.425) (layer F.Fab) (width 0.15))
    (fp_line (start -1.85 0.425) (end -1.85 1.125) (layer F.Fab) (width 0.15))
    (fp_line (start 1.85 0.425) (end 1.5 0.425) (layer F.Fab) (width 0.15))
    (fp_line (start 1.5 0.425) (end 1.5 1.125) (layer F.Fab) (width 0.15))
    (fp_line (start 1.5 1.125) (end 1.85 1.125) (layer F.Fab) (width 0.15))
    (fp_line (start 1.85 1.125) (end 1.85 0.425) (layer F.Fab) (width 0.15))
    (fp_line (start 2.15 0.975) (end 2.35 0.975) (layer F.SilkS) (width 0.15))
    (fp_line (start 1.4 -1.275) (end -1.4 -1.275) (layer F.SilkS) (width 0.15))
    (fp_line (start -2.35 0.975) (end -2.35 -0.075) (layer F.SilkS) (width 0.15))
    (fp_line (start 2.35 0.975) (end 2.35 -0.075) (layer F.SilkS) (width 0.15))
    (fp_line (start -2.35 0.975) (end -2.15 0.975) (layer F.SilkS) (width 0.15))
    (fp_line (start -1.2 0.975) (end 1.2 0.975) (layer F.SilkS) (width 0.15))
    (fp_arc (start 0.8 -2.325) (end 0.95 -2.325) (angle -90) (layer F.Fab) (width 0.15))
    (fp_arc (start -0.8 -2.325) (end -0.8 -2.475) (angle -90) (layer F.Fab) (width 0.15))
    (pad ~ thru_hole circle (at -0.85 -0.375) (size 0.65 0.65) (drill 0.65) (layers *.Cu *.Mask))
    (pad ~ thru_hole circle (at 0.85 -0.375) (size 0.65 0.65) (drill 0.65) (layers *.Cu *.Mask))
    (pad ~ smd rect (at -2.025 -1.075) (size 1.05 0.6) (layers F.Cu F.Paste F.Mask))
    (pad ~ smd rect (at 2.025 -1.075) (size 1.05 0.6) (layers F.Cu F.Paste F.Mask))
    (pad ~ smd rect (at 2.25 -0.475) (size 0.6 0.6) (layers F.Cu F.Paste F.Mask))
    (pad ~ smd rect (at -2.25 -0.475) (size 0.6 0.6) (layers F.Cu F.Paste F.Mask))
    (pad 2 smd rect (at 1.675 0.825) (size 0.75 1.1) (layers F.Cu F.Paste F.Mask)
      (net 98 /BTN_UP))
    (pad 1 smd rect (at -1.675 0.825) (size 0.75 1.1) (layers F.Cu F.Paste F.Mask)
      (net 3 GND))
  )

  (module Buzzer_Beeper_Extra:C1026B (layer F.Cu) (tedit 59E34CE4) (tstamp 5B9DD46B)
    (at 150.031267 102.525001)
    (path /5B9DDCA7)
    (fp_text reference M1 (at 0 -5.85) (layer F.SilkS)
      (effects (font (size 1 1) (thickness 0.15)))
    )
    (fp_text value Vibrator (at 0 0) (layer F.Fab)
      (effects (font (size 1 1) (thickness 0.15)))
    )
    (fp_circle (center 0 0) (end 5 0) (layer F.SilkS) (width 0.15))
    (fp_line (start 1.75 10) (end 1.75 4.7) (layer F.SilkS) (width 0.15))
    (fp_line (start 1.25 10.5) (end -1.25 10.5) (layer F.SilkS) (width 0.15))
    (fp_line (start -1.75 10) (end -1.75 4.7) (layer F.SilkS) (width 0.15))
    (fp_arc (start 1.25 10) (end 1.25 10.5) (angle -90) (layer F.SilkS) (width 0.15))
    (fp_arc (start -1.25 10) (end -1.75 10) (angle -90) (layer F.SilkS) (width 0.15))
    (pad 2 smd rect (at -3.55 5.5 60) (size 1.524 1.524) (layers F.Cu F.Paste F.Mask)
      (net 50 "Net-(C1-Pad1)"))
    (pad 1 smd rect (at -5.5 3.5 35) (size 1.524 1.524) (layers F.Cu F.Paste F.Mask)
      (net 2 VDD))
  )

  (module Capacitor_SMD:C_0603_1608Metric (layer F.Cu) (tedit 5B301BBE) (tstamp 5B9DD45F)
    (at 166.575017 64.243943)
    (descr "Capacitor SMD 0603 (1608 Metric), square (rectangular) end terminal, IPC_7351 nominal, (Body size source: http://www.tortai-tech.com/upload/download/2011102023233369053.pdf), generated with kicad-footprint-generator")
    (tags capacitor)
    (path /5BD9845F/5BDB7832)
    (attr smd)
    (fp_text reference C7 (at 0 -1.43) (layer F.SilkS)
      (effects (font (size 1 1) (thickness 0.15)))
    )
    (fp_text value 1uF (at 0 1.43) (layer F.Fab)
      (effects (font (size 1 1) (thickness 0.15)))
    )
    (fp_line (start -0.8 0.4) (end -0.8 -0.4) (layer F.Fab) (width 0.1))
    (fp_line (start -0.8 -0.4) (end 0.8 -0.4) (layer F.Fab) (width 0.1))
    (fp_line (start 0.8 -0.4) (end 0.8 0.4) (layer F.Fab) (width 0.1))
    (fp_line (start 0.8 0.4) (end -0.8 0.4) (layer F.Fab) (width 0.1))
    (fp_line (start -0.162779 -0.51) (end 0.162779 -0.51) (layer F.SilkS) (width 0.12))
    (fp_line (start -0.162779 0.51) (end 0.162779 0.51) (layer F.SilkS) (width 0.12))
    (fp_line (start -1.48 0.73) (end -1.48 -0.73) (layer F.CrtYd) (width 0.05))
    (fp_line (start -1.48 -0.73) (end 1.48 -0.73) (layer F.CrtYd) (width 0.05))
    (fp_line (start 1.48 -0.73) (end 1.48 0.73) (layer F.CrtYd) (width 0.05))
    (fp_line (start 1.48 0.73) (end -1.48 0.73) (layer F.CrtYd) (width 0.05))
    (fp_text user %R (at 0 0) (layer F.Fab)
      (effects (font (size 0.4 0.4) (thickness 0.06)))
    )
    (pad 1 smd roundrect (at -0.7875 0) (size 0.875 0.95) (layers F.Cu F.Paste F.Mask) (roundrect_rratio 0.25)
      (net 3 GND))
    (pad 2 smd roundrect (at 0.7875 0) (size 0.875 0.95) (layers F.Cu F.Paste F.Mask) (roundrect_rratio 0.25)
      (net 51 "Net-(C7-Pad2)"))
    (model ${KISYS3DMOD}/Capacitor_SMD.3dshapes/C_0603_1608Metric.wrl
      (at (xyz 0 0 0))
      (scale (xyz 1 1 1))
      (rotate (xyz 0 0 0))
    )
  )

  (module Capacitor_SMD:C_0603_1608Metric (layer F.Cu) (tedit 5B301BBE) (tstamp 5B9DD44E)
    (at 136.925007 63.574993)
    (descr "Capacitor SMD 0603 (1608 Metric), square (rectangular) end terminal, IPC_7351 nominal, (Body size source: http://www.tortai-tech.com/upload/download/2011102023233369053.pdf), generated with kicad-footprint-generator")
    (tags capacitor)
    (path /5BCE40C3/5BCF1D58)
    (attr smd)
    (fp_text reference C15 (at 0 -1.43) (layer F.SilkS)
      (effects (font (size 1 1) (thickness 0.15)))
    )
    (fp_text value 0.1uF (at 0 1.43) (layer F.Fab)
      (effects (font (size 1 1) (thickness 0.15)))
    )
    (fp_text user %R (at 0 0) (layer F.Fab)
      (effects (font (size 0.4 0.4) (thickness 0.06)))
    )
    (fp_line (start 1.48 0.73) (end -1.48 0.73) (layer F.CrtYd) (width 0.05))
    (fp_line (start 1.48 -0.73) (end 1.48 0.73) (layer F.CrtYd) (width 0.05))
    (fp_line (start -1.48 -0.73) (end 1.48 -0.73) (layer F.CrtYd) (width 0.05))
    (fp_line (start -1.48 0.73) (end -1.48 -0.73) (layer F.CrtYd) (width 0.05))
    (fp_line (start -0.162779 0.51) (end 0.162779 0.51) (layer F.SilkS) (width 0.12))
    (fp_line (start -0.162779 -0.51) (end 0.162779 -0.51) (layer F.SilkS) (width 0.12))
    (fp_line (start 0.8 0.4) (end -0.8 0.4) (layer F.Fab) (width 0.1))
    (fp_line (start 0.8 -0.4) (end 0.8 0.4) (layer F.Fab) (width 0.1))
    (fp_line (start -0.8 -0.4) (end 0.8 -0.4) (layer F.Fab) (width 0.1))
    (fp_line (start -0.8 0.4) (end -0.8 -0.4) (layer F.Fab) (width 0.1))
    (pad 2 smd roundrect (at 0.7875 0) (size 0.875 0.95) (layers F.Cu F.Paste F.Mask) (roundrect_rratio 0.25)
      (net 2 VDD))
    (pad 1 smd roundrect (at -0.7875 0) (size 0.875 0.95) (layers F.Cu F.Paste F.Mask) (roundrect_rratio 0.25)
      (net 3 GND))
    (model ${KISYS3DMOD}/Capacitor_SMD.3dshapes/C_0603_1608Metric.wrl
      (at (xyz 0 0 0))
      (scale (xyz 1 1 1))
      (rotate (xyz 0 0 0))
    )
  )

  (module Capacitor_SMD:C_0603_1608Metric (layer F.Cu) (tedit 5B301BBE) (tstamp 5B9DD43D)
    (at 126.675005 70.094997)
    (descr "Capacitor SMD 0603 (1608 Metric), square (rectangular) end terminal, IPC_7351 nominal, (Body size source: http://www.tortai-tech.com/upload/download/2011102023233369053.pdf), generated with kicad-footprint-generator")
    (tags capacitor)
    (path /5BCE40C3/5BCF1CBA)
    (attr smd)
    (fp_text reference C14 (at 0 -1.43) (layer F.SilkS)
      (effects (font (size 1 1) (thickness 0.15)))
    )
    (fp_text value 0.1uF (at 0 1.43) (layer F.Fab)
      (effects (font (size 1 1) (thickness 0.15)))
    )
    (fp_line (start -0.8 0.4) (end -0.8 -0.4) (layer F.Fab) (width 0.1))
    (fp_line (start -0.8 -0.4) (end 0.8 -0.4) (layer F.Fab) (width 0.1))
    (fp_line (start 0.8 -0.4) (end 0.8 0.4) (layer F.Fab) (width 0.1))
    (fp_line (start 0.8 0.4) (end -0.8 0.4) (layer F.Fab) (width 0.1))
    (fp_line (start -0.162779 -0.51) (end 0.162779 -0.51) (layer F.SilkS) (width 0.12))
    (fp_line (start -0.162779 0.51) (end 0.162779 0.51) (layer F.SilkS) (width 0.12))
    (fp_line (start -1.48 0.73) (end -1.48 -0.73) (layer F.CrtYd) (width 0.05))
    (fp_line (start -1.48 -0.73) (end 1.48 -0.73) (layer F.CrtYd) (width 0.05))
    (fp_line (start 1.48 -0.73) (end 1.48 0.73) (layer F.CrtYd) (width 0.05))
    (fp_line (start 1.48 0.73) (end -1.48 0.73) (layer F.CrtYd) (width 0.05))
    (fp_text user %R (at 0 0) (layer F.Fab)
      (effects (font (size 0.4 0.4) (thickness 0.06)))
    )
    (pad 1 smd roundrect (at -0.7875 0) (size 0.875 0.95) (layers F.Cu F.Paste F.Mask) (roundrect_rratio 0.25)
      (net 58 /SPEAKER))
    (pad 2 smd roundrect (at 0.7875 0) (size 0.875 0.95) (layers F.Cu F.Paste F.Mask) (roundrect_rratio 0.25)
      (net 31 "Net-(C14-Pad2)"))
    (model ${KISYS3DMOD}/Capacitor_SMD.3dshapes/C_0603_1608Metric.wrl
      (at (xyz 0 0 0))
      (scale (xyz 1 1 1))
      (rotate (xyz 0 0 0))
    )
  )

  (module Capacitor_SMD:C_0603_1608Metric (layer F.Cu) (tedit 5B301BBE) (tstamp 5B9DD42C)
    (at 130.385007 70.094997)
    (descr "Capacitor SMD 0603 (1608 Metric), square (rectangular) end terminal, IPC_7351 nominal, (Body size source: http://www.tortai-tech.com/upload/download/2011102023233369053.pdf), generated with kicad-footprint-generator")
    (tags capacitor)
    (path /5BCE40C3/5BCF1C9A)
    (attr smd)
    (fp_text reference C13 (at 0 -1.43) (layer F.SilkS)
      (effects (font (size 1 1) (thickness 0.15)))
    )
    (fp_text value 0.1uF (at 0 1.43) (layer F.Fab)
      (effects (font (size 1 1) (thickness 0.15)))
    )
    (fp_text user %R (at 0 0) (layer F.Fab)
      (effects (font (size 0.4 0.4) (thickness 0.06)))
    )
    (fp_line (start 1.48 0.73) (end -1.48 0.73) (layer F.CrtYd) (width 0.05))
    (fp_line (start 1.48 -0.73) (end 1.48 0.73) (layer F.CrtYd) (width 0.05))
    (fp_line (start -1.48 -0.73) (end 1.48 -0.73) (layer F.CrtYd) (width 0.05))
    (fp_line (start -1.48 0.73) (end -1.48 -0.73) (layer F.CrtYd) (width 0.05))
    (fp_line (start -0.162779 0.51) (end 0.162779 0.51) (layer F.SilkS) (width 0.12))
    (fp_line (start -0.162779 -0.51) (end 0.162779 -0.51) (layer F.SilkS) (width 0.12))
    (fp_line (start 0.8 0.4) (end -0.8 0.4) (layer F.Fab) (width 0.1))
    (fp_line (start 0.8 -0.4) (end 0.8 0.4) (layer F.Fab) (width 0.1))
    (fp_line (start -0.8 -0.4) (end 0.8 -0.4) (layer F.Fab) (width 0.1))
    (fp_line (start -0.8 0.4) (end -0.8 -0.4) (layer F.Fab) (width 0.1))
    (pad 2 smd roundrect (at 0.7875 0) (size 0.875 0.95) (layers F.Cu F.Paste F.Mask) (roundrect_rratio 0.25)
      (net 2 VDD))
    (pad 1 smd roundrect (at -0.7875 0) (size 0.875 0.95) (layers F.Cu F.Paste F.Mask) (roundrect_rratio 0.25)
      (net 3 GND))
    (model ${KISYS3DMOD}/Capacitor_SMD.3dshapes/C_0603_1608Metric.wrl
      (at (xyz 0 0 0))
      (scale (xyz 1 1 1))
      (rotate (xyz 0 0 0))
    )
  )

  (module Capacitor_SMD:C_0603_1608Metric (layer F.Cu) (tedit 5B301BBE) (tstamp 5B9DD41B)
    (at 130.385007 67.884995)
    (descr "Capacitor SMD 0603 (1608 Metric), square (rectangular) end terminal, IPC_7351 nominal, (Body size source: http://www.tortai-tech.com/upload/download/2011102023233369053.pdf), generated with kicad-footprint-generator")
    (tags capacitor)
    (path /5BCE40C3/5BCF1C7B)
    (attr smd)
    (fp_text reference C12 (at 0 -1.43) (layer F.SilkS)
      (effects (font (size 1 1) (thickness 0.15)))
    )
    (fp_text value 0.1uF (at 0 1.43) (layer F.Fab)
      (effects (font (size 1 1) (thickness 0.15)))
    )
    (fp_line (start -0.8 0.4) (end -0.8 -0.4) (layer F.Fab) (width 0.1))
    (fp_line (start -0.8 -0.4) (end 0.8 -0.4) (layer F.Fab) (width 0.1))
    (fp_line (start 0.8 -0.4) (end 0.8 0.4) (layer F.Fab) (width 0.1))
    (fp_line (start 0.8 0.4) (end -0.8 0.4) (layer F.Fab) (width 0.1))
    (fp_line (start -0.162779 -0.51) (end 0.162779 -0.51) (layer F.SilkS) (width 0.12))
    (fp_line (start -0.162779 0.51) (end 0.162779 0.51) (layer F.SilkS) (width 0.12))
    (fp_line (start -1.48 0.73) (end -1.48 -0.73) (layer F.CrtYd) (width 0.05))
    (fp_line (start -1.48 -0.73) (end 1.48 -0.73) (layer F.CrtYd) (width 0.05))
    (fp_line (start 1.48 -0.73) (end 1.48 0.73) (layer F.CrtYd) (width 0.05))
    (fp_line (start 1.48 0.73) (end -1.48 0.73) (layer F.CrtYd) (width 0.05))
    (fp_text user %R (at 0 0) (layer F.Fab)
      (effects (font (size 0.4 0.4) (thickness 0.06)))
    )
    (pad 1 smd roundrect (at -0.7875 0) (size 0.875 0.95) (layers F.Cu F.Paste F.Mask) (roundrect_rratio 0.25)
      (net 3 GND))
    (pad 2 smd roundrect (at 0.7875 0) (size 0.875 0.95) (layers F.Cu F.Paste F.Mask) (roundrect_rratio 0.25)
      (net 2 VDD))
    (model ${KISYS3DMOD}/Capacitor_SMD.3dshapes/C_0603_1608Metric.wrl
      (at (xyz 0 0 0))
      (scale (xyz 1 1 1))
      (rotate (xyz 0 0 0))
    )
  )

  (module Capacitor_SMD:C_0603_1608Metric (layer F.Cu) (tedit 5B301BBE) (tstamp 5B9DD40A)
    (at 130.385007 65.674993)
    (descr "Capacitor SMD 0603 (1608 Metric), square (rectangular) end terminal, IPC_7351 nominal, (Body size source: http://www.tortai-tech.com/upload/download/2011102023233369053.pdf), generated with kicad-footprint-generator")
    (tags capacitor)
    (path /5BCE40C3/5BCF1D0A)
    (attr smd)
    (fp_text reference C11 (at 0 -1.43) (layer F.SilkS)
      (effects (font (size 1 1) (thickness 0.15)))
    )
    (fp_text value 0.1uF (at 0 1.43) (layer F.Fab)
      (effects (font (size 1 1) (thickness 0.15)))
    )
    (fp_text user %R (at 0 0) (layer F.Fab)
      (effects (font (size 0.4 0.4) (thickness 0.06)))
    )
    (fp_line (start 1.48 0.73) (end -1.48 0.73) (layer F.CrtYd) (width 0.05))
    (fp_line (start 1.48 -0.73) (end 1.48 0.73) (layer F.CrtYd) (width 0.05))
    (fp_line (start -1.48 -0.73) (end 1.48 -0.73) (layer F.CrtYd) (width 0.05))
    (fp_line (start -1.48 0.73) (end -1.48 -0.73) (layer F.CrtYd) (width 0.05))
    (fp_line (start -0.162779 0.51) (end 0.162779 0.51) (layer F.SilkS) (width 0.12))
    (fp_line (start -0.162779 -0.51) (end 0.162779 -0.51) (layer F.SilkS) (width 0.12))
    (fp_line (start 0.8 0.4) (end -0.8 0.4) (layer F.Fab) (width 0.1))
    (fp_line (start 0.8 -0.4) (end 0.8 0.4) (layer F.Fab) (width 0.1))
    (fp_line (start -0.8 -0.4) (end 0.8 -0.4) (layer F.Fab) (width 0.1))
    (fp_line (start -0.8 0.4) (end -0.8 -0.4) (layer F.Fab) (width 0.1))
    (pad 2 smd roundrect (at 0.7875 0) (size 0.875 0.95) (layers F.Cu F.Paste F.Mask) (roundrect_rratio 0.25)
      (net 94 "Net-(C11-Pad2)"))
    (pad 1 smd roundrect (at -0.7875 0) (size 0.875 0.95) (layers F.Cu F.Paste F.Mask) (roundrect_rratio 0.25)
      (net 3 GND))
    (model ${KISYS3DMOD}/Capacitor_SMD.3dshapes/C_0603_1608Metric.wrl
      (at (xyz 0 0 0))
      (scale (xyz 1 1 1))
      (rotate (xyz 0 0 0))
    )
  )

  (module Capacitor_SMD:C_0603_1608Metric (layer F.Cu) (tedit 5B301BBE) (tstamp 5B9DD3F9)
    (at 130.385007 63.464991)
    (descr "Capacitor SMD 0603 (1608 Metric), square (rectangular) end terminal, IPC_7351 nominal, (Body size source: http://www.tortai-tech.com/upload/download/2011102023233369053.pdf), generated with kicad-footprint-generator")
    (tags capacitor)
    (path /5BCE40C3/5BCF1D12)
    (attr smd)
    (fp_text reference C10 (at 0 -1.43) (layer F.SilkS)
      (effects (font (size 1 1) (thickness 0.15)))
    )
    (fp_text value 0.1uF (at 0 1.43) (layer F.Fab)
      (effects (font (size 1 1) (thickness 0.15)))
    )
    (fp_line (start -0.8 0.4) (end -0.8 -0.4) (layer F.Fab) (width 0.1))
    (fp_line (start -0.8 -0.4) (end 0.8 -0.4) (layer F.Fab) (width 0.1))
    (fp_line (start 0.8 -0.4) (end 0.8 0.4) (layer F.Fab) (width 0.1))
    (fp_line (start 0.8 0.4) (end -0.8 0.4) (layer F.Fab) (width 0.1))
    (fp_line (start -0.162779 -0.51) (end 0.162779 -0.51) (layer F.SilkS) (width 0.12))
    (fp_line (start -0.162779 0.51) (end 0.162779 0.51) (layer F.SilkS) (width 0.12))
    (fp_line (start -1.48 0.73) (end -1.48 -0.73) (layer F.CrtYd) (width 0.05))
    (fp_line (start -1.48 -0.73) (end 1.48 -0.73) (layer F.CrtYd) (width 0.05))
    (fp_line (start 1.48 -0.73) (end 1.48 0.73) (layer F.CrtYd) (width 0.05))
    (fp_line (start 1.48 0.73) (end -1.48 0.73) (layer F.CrtYd) (width 0.05))
    (fp_text user %R (at 0 0) (layer F.Fab)
      (effects (font (size 0.4 0.4) (thickness 0.06)))
    )
    (pad 1 smd roundrect (at -0.7875 0) (size 0.875 0.95) (layers F.Cu F.Paste F.Mask) (roundrect_rratio 0.25)
      (net 3 GND))
    (pad 2 smd roundrect (at 0.7875 0) (size 0.875 0.95) (layers F.Cu F.Paste F.Mask) (roundrect_rratio 0.25)
      (net 2 VDD))
    (model ${KISYS3DMOD}/Capacitor_SMD.3dshapes/C_0603_1608Metric.wrl
      (at (xyz 0 0 0))
      (scale (xyz 1 1 1))
      (rotate (xyz 0 0 0))
    )
  )

  (module Capacitor_SMD:C_0603_1608Metric (layer F.Cu) (tedit 5B301BBE) (tstamp 5B9DD3E8)
    (at 166.761271 89.459996)
    (descr "Capacitor SMD 0603 (1608 Metric), square (rectangular) end terminal, IPC_7351 nominal, (Body size source: http://www.tortai-tech.com/upload/download/2011102023233369053.pdf), generated with kicad-footprint-generator")
    (tags capacitor)
    (path /5BA0D279)
    (attr smd)
    (fp_text reference C6 (at 0 -1.43) (layer F.SilkS)
      (effects (font (size 1 1) (thickness 0.15)))
    )
    (fp_text value 1uF (at 0 1.43) (layer F.Fab)
      (effects (font (size 1 1) (thickness 0.15)))
    )
    (fp_text user %R (at 0 0) (layer F.Fab)
      (effects (font (size 0.4 0.4) (thickness 0.06)))
    )
    (fp_line (start 1.48 0.73) (end -1.48 0.73) (layer F.CrtYd) (width 0.05))
    (fp_line (start 1.48 -0.73) (end 1.48 0.73) (layer F.CrtYd) (width 0.05))
    (fp_line (start -1.48 -0.73) (end 1.48 -0.73) (layer F.CrtYd) (width 0.05))
    (fp_line (start -1.48 0.73) (end -1.48 -0.73) (layer F.CrtYd) (width 0.05))
    (fp_line (start -0.162779 0.51) (end 0.162779 0.51) (layer F.SilkS) (width 0.12))
    (fp_line (start -0.162779 -0.51) (end 0.162779 -0.51) (layer F.SilkS) (width 0.12))
    (fp_line (start 0.8 0.4) (end -0.8 0.4) (layer F.Fab) (width 0.1))
    (fp_line (start 0.8 -0.4) (end 0.8 0.4) (layer F.Fab) (width 0.1))
    (fp_line (start -0.8 -0.4) (end 0.8 -0.4) (layer F.Fab) (width 0.1))
    (fp_line (start -0.8 0.4) (end -0.8 -0.4) (layer F.Fab) (width 0.1))
    (pad 2 smd roundrect (at 0.7875 0) (size 0.875 0.95) (layers F.Cu F.Paste F.Mask) (roundrect_rratio 0.25)
      (net 86 +1V2))
    (pad 1 smd roundrect (at -0.7875 0) (size 0.875 0.95) (layers F.Cu F.Paste F.Mask) (roundrect_rratio 0.25)
      (net 3 GND))
    (model ${KISYS3DMOD}/Capacitor_SMD.3dshapes/C_0603_1608Metric.wrl
      (at (xyz 0 0 0))
      (scale (xyz 1 1 1))
      (rotate (xyz 0 0 0))
    )
  )

