(kicad_pcb (version 20171130) (host pcbnew "(6.0.0-rc1-dev-332-g00d912f0b)")

  (general
    (thickness 1.6)
    (drawings 88)
    (tracks 0)
    (zones 0)
    (modules 63)
    (nets 118)
  )

  (page A4)
  (layers
    (0 F.Cu signal)
    (31 B.Cu signal)
    (32 B.Adhes user)
    (33 F.Adhes user)
    (34 B.Paste user)
    (35 F.Paste user)
    (36 B.SilkS user)
    (37 F.SilkS user)
    (38 B.Mask user)
    (39 F.Mask user)
    (40 Dwgs.User user)
    (41 Cmts.User user)
    (42 Eco1.User user)
    (43 Eco2.User user)
    (44 Edge.Cuts user)
    (45 Margin user)
    (46 B.CrtYd user)
    (47 F.CrtYd user)
    (48 B.Fab user)
    (49 F.Fab user)
  )

  (setup
    (last_trace_width 0.25)
    (trace_clearance 0.2)
    (zone_clearance 0.508)
    (zone_45_only no)
    (trace_min 0.2)
    (via_size 0.8)
    (via_drill 0.4)
    (via_min_size 0.4)
    (via_min_drill 0.3)
    (uvia_size 0.3)
    (uvia_drill 0.1)
    (uvias_allowed no)
    (uvia_min_size 0.2)
    (uvia_min_drill 0.1)
    (edge_width 0.05)
    (segment_width 0.2)
    (pcb_text_width 0.3)
    (pcb_text_size 1.5 1.5)
    (mod_edge_width 0.12)
    (mod_text_size 1 1)
    (mod_text_width 0.15)
    (pad_size 1.524 1.524)
    (pad_drill 0.762)
    (pad_to_mask_clearance 0.2)
    (aux_axis_origin 0 0)
    (visible_elements 7FFDFF7F)
    (pcbplotparams
      (layerselection 0x010fc_ffffffff)
      (usegerberextensions false)
      (usegerberattributes false)
      (usegerberadvancedattributes false)
      (creategerberjobfile false)
      (excludeedgelayer true)
      (linewidth 0.100000)
      (plotframeref false)
      (viasonmask false)
      (mode 1)
      (useauxorigin false)
      (hpglpennumber 1)
      (hpglpenspeed 20)
      (hpglpendiameter 15.000000)
      (psnegative false)
      (psa4output false)
      (plotreference true)
      (plotvalue true)
      (plotinvisibletext false)
      (padsonsilk false)
      (subtractmaskfromsilk false)
      (outputformat 1)
      (mirror false)
      (drillshape 1)
      (scaleselection 1)
      (outputdirectory ""))
  )

  (net 0 "")
  (net 1 VDD)
  (net 2 GND)
  (net 3 /LED3_G)
  (net 4 /LED3_R)
  (net 5 /SWDCLK)
  (net 6 /LED1_R)
  (net 7 /LED1_G)
  (net 8 /LED1_B)
  (net 9 /LED2_R)
  (net 10 /LED2_G)
  (net 11 /LED3_B)
  (net 12 /LED4_R)
  (net 13 /LED4_G)
  (net 14 /LED4_B)
  (net 15 /ACCEL_SCL)
  (net 16 /ACCEL_SDA)
  (net 17 "Net-(C14-Pad2)")
  (net 18 /LED2_B)
  (net 19 "Net-(LS1-Pad2)")
  (net 20 /SPEAKER_SD)
  (net 21 "Net-(LS1-Pad1)")
  (net 22 /VIBRATOR)
  (net 23 "Net-(C7-Pad2)")
  (net 24 /ACCEL_INT)
  (net 25 /SPEAKER)
  (net 26 /USB_D-)
  (net 27 /USB_D+)
  (net 28 /SWDIO)
  (net 29 "Net-(C11-Pad2)")
  (net 30 VBUS)
  (net 31 +BATT)
  (net 32 /BTN_UP)
  (net 33 /BTN_DOWN)
  (net 34 /BTN_SELECT)
  (net 35 /BTN_BACK)
  (net 36 "Net-(D6-Pad1)")
  (net 37 "Net-(D7-Pad3)")
  (net 38 "Net-(D7-Pad1)")
  (net 39 "Net-(D6-Pad3)")
  (net 40 "Net-(D6-Pad2)")
  (net 41 "Net-(D7-Pad2)")
  (net 42 "Net-(U5-Pad9)")
  (net 43 /QSPI_IO3)
  (net 44 /QSPI_IO0)
  (net 45 /QSPI_CS)
  (net 46 /QSPI_IO1)
  (net 47 /QSPI_IO2)
  (net 48 /QSPI_CLK)
  (net 49 "Net-(C5-Pad2)")
  (net 50 "Net-(C10-Pad2)")
  (net 51 "Net-(C12-Pad2)")
  (net 52 "Net-(C13-Pad2)")
  (net 53 "Net-(C9-Pad2)")
  (net 54 "Net-(R2-Pad2)")
  (net 55 "Net-(R1-Pad2)")
  (net 56 "Net-(R5-Pad1)")
  (net 57 "Net-(D9-Pad2)")
  (net 58 /Peripherals/RESE)
  (net 59 /Peripherals/GDR)
  (net 60 "Net-(D9-Pad3)")
  (net 61 "Net-(D8-Pad3)")
  (net 62 "Net-(D8-Pad2)")
  (net 63 "Net-(D8-Pad1)")
  (net 64 "Net-(D9-Pad1)")
  (net 65 "Net-(U2-Pad2)")
  (net 66 "Net-(U2-Pad3)")
  (net 67 "Net-(U2-Pad4)")
  (net 68 "Net-(U2-Pad5)")
  (net 69 "Net-(U2-Pad6)")
  (net 70 "Net-(U2-Pad7)")
  (net 71 "Net-(U2-Pad8)")
  (net 72 "Net-(U2-Pad9)")
  (net 73 "Net-(U2-Pad10)")
  (net 74 "Net-(U2-Pad11)")
  (net 75 "Net-(U2-Pad12)")
  (net 76 "Net-(U2-Pad13)")
  (net 77 "Net-(U2-Pad33)")
  (net 78 "Net-(U2-Pad34)")
  (net 79 "Net-(U2-Pad35)")
  (net 80 "Net-(U2-Pad36)")
  (net 81 "Net-(U2-Pad39)")
  (net 82 "Net-(U2-Pad40)")
  (net 83 "Net-(U2-Pad41)")
  (net 84 "Net-(U2-Pad42)")
  (net 85 "Net-(U2-Pad43)")
  (net 86 "Net-(U2-Pad48)")
  (net 87 "Net-(U2-Pad49)")
  (net 88 "Net-(U2-Pad50)")
  (net 89 "Net-(U2-Pad51)")
  (net 90 "Net-(U2-Pad52)")
  (net 91 "Net-(U2-Pad53)")
  (net 92 "Net-(U2-Pad54)")
  (net 93 "Net-(U2-Pad22)")
  (net 94 "Net-(U2-Pad21)")
  (net 95 "Net-(U2-Pad20)")
  (net 96 "Net-(U2-Pad19)")
  (net 97 "Net-(U2-Pad18)")
  (net 98 "Net-(U2-Pad17)")
  (net 99 "Net-(U2-Pad16)")
  (net 100 "Net-(U2-Pad15)")
  (net 101 "Net-(U2-Pad14)")
  (net 102 "Net-(U2-Pad23)")
  (net 103 "Net-(U2-Pad24)")
  (net 104 "Net-(U2-Pad25)")
  (net 105 "Net-(U2-Pad26)")
  (net 106 "Net-(U2-Pad27)")
  (net 107 "Net-(U2-Pad28)")
  (net 108 "Net-(U2-Pad29)")
  (net 109 "Net-(U2-Pad30)")
  (net 110 "Net-(U2-Pad31)")
  (net 111 "Net-(C1-Pad2)")
  (net 112 "Net-(C18-Pad1)")
  (net 113 "Net-(C7-Pad1)")
  (net 114 /Peripherals/PREVGL)
  (net 115 /Peripherals/PREVGH)
  (net 116 "Net-(J1-Pad4)")
  (net 117 "Net-(C15-Pad2)")

  (net_class Default "This is the default net class."
    (clearance 0.2)
    (trace_width 0.25)
    (via_dia 0.8)
    (via_drill 0.4)
    (uvia_dia 0.3)
    (uvia_drill 0.1)
    (add_net +BATT)
    (add_net /ACCEL_INT)
    (add_net /ACCEL_SCL)
    (add_net /ACCEL_SDA)
    (add_net /BTN_BACK)
    (add_net /BTN_DOWN)
    (add_net /BTN_SELECT)
    (add_net /BTN_UP)
    (add_net /LED1_B)
    (add_net /LED1_G)
    (add_net /LED1_R)
    (add_net /LED2_B)
    (add_net /LED2_G)
    (add_net /LED2_R)
    (add_net /LED3_B)
    (add_net /LED3_G)
    (add_net /LED3_R)
    (add_net /LED4_B)
    (add_net /LED4_G)
    (add_net /LED4_R)
    (add_net /Peripherals/GDR)
    (add_net /Peripherals/PREVGH)
    (add_net /Peripherals/PREVGL)
    (add_net /Peripherals/RESE)
    (add_net /QSPI_CLK)
    (add_net /QSPI_CS)
    (add_net /QSPI_IO0)
    (add_net /QSPI_IO1)
    (add_net /QSPI_IO2)
    (add_net /QSPI_IO3)
    (add_net /SPEAKER)
    (add_net /SPEAKER_SD)
    (add_net /SWDCLK)
    (add_net /SWDIO)
    (add_net /USB_D+)
    (add_net /USB_D-)
    (add_net /VIBRATOR)
    (add_net GND)
    (add_net "Net-(C1-Pad2)")
    (add_net "Net-(C10-Pad2)")
    (add_net "Net-(C11-Pad2)")
    (add_net "Net-(C12-Pad2)")
    (add_net "Net-(C13-Pad2)")
    (add_net "Net-(C14-Pad2)")
    (add_net "Net-(C15-Pad2)")
    (add_net "Net-(C18-Pad1)")
    (add_net "Net-(C5-Pad2)")
    (add_net "Net-(C7-Pad1)")
    (add_net "Net-(C7-Pad2)")
    (add_net "Net-(C9-Pad2)")
    (add_net "Net-(D6-Pad1)")
    (add_net "Net-(D6-Pad2)")
    (add_net "Net-(D6-Pad3)")
    (add_net "Net-(D7-Pad1)")
    (add_net "Net-(D7-Pad2)")
    (add_net "Net-(D7-Pad3)")
    (add_net "Net-(D8-Pad1)")
    (add_net "Net-(D8-Pad2)")
    (add_net "Net-(D8-Pad3)")
    (add_net "Net-(D9-Pad1)")
    (add_net "Net-(D9-Pad2)")
    (add_net "Net-(D9-Pad3)")
    (add_net "Net-(J1-Pad4)")
    (add_net "Net-(LS1-Pad1)")
    (add_net "Net-(LS1-Pad2)")
    (add_net "Net-(R1-Pad2)")
    (add_net "Net-(R2-Pad2)")
    (add_net "Net-(R5-Pad1)")
    (add_net "Net-(U2-Pad10)")
    (add_net "Net-(U2-Pad11)")
    (add_net "Net-(U2-Pad12)")
    (add_net "Net-(U2-Pad13)")
    (add_net "Net-(U2-Pad14)")
    (add_net "Net-(U2-Pad15)")
    (add_net "Net-(U2-Pad16)")
    (add_net "Net-(U2-Pad17)")
    (add_net "Net-(U2-Pad18)")
    (add_net "Net-(U2-Pad19)")
    (add_net "Net-(U2-Pad2)")
    (add_net "Net-(U2-Pad20)")
    (add_net "Net-(U2-Pad21)")
    (add_net "Net-(U2-Pad22)")
    (add_net "Net-(U2-Pad23)")
    (add_net "Net-(U2-Pad24)")
    (add_net "Net-(U2-Pad25)")
    (add_net "Net-(U2-Pad26)")
    (add_net "Net-(U2-Pad27)")
    (add_net "Net-(U2-Pad28)")
    (add_net "Net-(U2-Pad29)")
    (add_net "Net-(U2-Pad3)")
    (add_net "Net-(U2-Pad30)")
    (add_net "Net-(U2-Pad31)")
    (add_net "Net-(U2-Pad33)")
    (add_net "Net-(U2-Pad34)")
    (add_net "Net-(U2-Pad35)")
    (add_net "Net-(U2-Pad36)")
    (add_net "Net-(U2-Pad39)")
    (add_net "Net-(U2-Pad4)")
    (add_net "Net-(U2-Pad40)")
    (add_net "Net-(U2-Pad41)")
    (add_net "Net-(U2-Pad42)")
    (add_net "Net-(U2-Pad43)")
    (add_net "Net-(U2-Pad48)")
    (add_net "Net-(U2-Pad49)")
    (add_net "Net-(U2-Pad5)")
    (add_net "Net-(U2-Pad50)")
    (add_net "Net-(U2-Pad51)")
    (add_net "Net-(U2-Pad52)")
    (add_net "Net-(U2-Pad53)")
    (add_net "Net-(U2-Pad54)")
    (add_net "Net-(U2-Pad6)")
    (add_net "Net-(U2-Pad7)")
    (add_net "Net-(U2-Pad8)")
    (add_net "Net-(U2-Pad9)")
    (add_net "Net-(U5-Pad9)")
    (add_net VBUS)
    (add_net VDD)
  )

  (module Battery_Extra:BAT-HLD-001 (layer F.Cu) (tedit 59E28903) (tstamp 5BA1CECC)
    (at 147 102.725001)
    (path /5D10308A)
    (fp_text reference BT1 (at 0 9) (layer F.SilkS)
      (effects (font (size 1 1) (thickness 0.15)))
    )
    (fp_text value CR2032 (at 0 -8.8) (layer F.Fab)
      (effects (font (size 1 1) (thickness 0.15)))
    )
    (fp_line (start 10.549862 -4.75) (end 7.35 -7.55) (layer F.Fab) (width 0.15))
    (fp_line (start -10.55 -4.75) (end -7.35 -7.55) (layer F.Fab) (width 0.15))
    (fp_line (start -7.35 -7.55) (end 7.35 -7.55) (layer F.Fab) (width 0.15))
    (fp_line (start 10.55 -4.75) (end 10.55 4.55) (layer F.Fab) (width 0.15))
    (fp_line (start -10.55 -4.75) (end -10.55 4.55) (layer F.Fab) (width 0.15))
    (fp_arc (start 0 10.75) (end 0 5.7) (angle -46) (layer F.Fab) (width 0.15))
    (fp_line (start -10.55 4.55) (end -7.45 7.35) (layer F.Fab) (width 0.15))
    (fp_arc (start -5.6 4.85) (end -7.45 7.345) (angle -74.3) (layer F.Fab) (width 0.15))
    (fp_arc (start 0 10.75) (end 0 5.7) (angle 46) (layer F.Fab) (width 0.15))
    (fp_line (start 10.55 4.55) (end 7.45 7.35) (layer F.Fab) (width 0.15))
    (fp_arc (start 5.6 4.85) (end 7.45 7.345) (angle 74.3) (layer F.Fab) (width 0.15))
    (fp_line (start -10.55 -4.75) (end -7.35 -7.55) (layer F.SilkS) (width 0.15))
    (fp_line (start 10.549862 -4.75) (end 7.35 -7.55) (layer F.SilkS) (width 0.15))
    (fp_line (start -10.55 -4.75) (end -10.55 -2.65) (layer F.SilkS) (width 0.15))
    (fp_arc (start 0 10.75) (end 0 5.7) (angle -46) (layer F.SilkS) (width 0.15))
    (fp_line (start -10.55 4.55) (end -7.45 7.35) (layer F.SilkS) (width 0.15))
    (fp_arc (start -5.6 4.85) (end -7.45 7.345) (angle -74.3) (layer F.SilkS) (width 0.15))
    (fp_line (start 10.55 -4.75) (end 10.55 -2.65) (layer F.SilkS) (width 0.15))
    (fp_line (start -7.35 -7.55) (end 7.35 -7.55) (layer F.SilkS) (width 0.15))
    (fp_arc (start 0 10.75) (end 0 5.7) (angle 46) (layer F.SilkS) (width 0.15))
    (fp_arc (start 5.6 4.85) (end 7.45 7.345) (angle 74.3) (layer F.SilkS) (width 0.15))
    (fp_line (start 10.55 4.55) (end 7.45 7.35) (layer F.SilkS) (width 0.15))
    (fp_line (start 10.55 2.65) (end 10.55 4.55) (layer F.SilkS) (width 0.15))
    (fp_line (start -10.55 2.65) (end -10.55 4.55) (layer F.SilkS) (width 0.15))
    (pad 2 smd circle (at 0 0.1) (size 15 15) (layers F.Cu F.Paste F.Mask)
      (net 2 GND))
    (pad 1 smd rect (at 11.45 0) (size 2.5 5.1) (layers F.Cu F.Paste F.Mask)
      (net 31 +BATT))
    (pad 1 smd rect (at -11.45 0) (size 2.5 5.1) (layers F.Cu F.Paste F.Mask)
      (net 31 +BATT))
  )

  (module Button_Switch_SMD_Extra:KLS7-TS2402 (layer F.Cu) (tedit 59E34736) (tstamp 5BA1CEAD)
    (at 136.85 89.600001)
    (path /5D09C829/5D0FB564)
    (fp_text reference SW1 (at 0 2.25) (layer F.SilkS)
      (effects (font (size 1 1) (thickness 0.15)))
    )
    (fp_text value Btn_Up (at 0.025 -3.375) (layer F.Fab)
      (effects (font (size 1 1) (thickness 0.15)))
    )
    (fp_arc (start -0.8 -2.325) (end -0.8 -2.475) (angle -90) (layer F.Fab) (width 0.15))
    (fp_arc (start 0.8 -2.325) (end 0.95 -2.325) (angle -90) (layer F.Fab) (width 0.15))
    (fp_line (start -1.2 0.975) (end 1.2 0.975) (layer F.SilkS) (width 0.15))
    (fp_line (start -2.35 0.975) (end -2.15 0.975) (layer F.SilkS) (width 0.15))
    (fp_line (start 2.35 0.975) (end 2.35 -0.075) (layer F.SilkS) (width 0.15))
    (fp_line (start -2.35 0.975) (end -2.35 -0.075) (layer F.SilkS) (width 0.15))
    (fp_line (start 1.4 -1.275) (end -1.4 -1.275) (layer F.SilkS) (width 0.15))
    (fp_line (start 2.15 0.975) (end 2.35 0.975) (layer F.SilkS) (width 0.15))
    (fp_line (start 1.85 1.125) (end 1.85 0.425) (layer F.Fab) (width 0.15))
    (fp_line (start 1.5 1.125) (end 1.85 1.125) (layer F.Fab) (width 0.15))
    (fp_line (start 1.5 0.425) (end 1.5 1.125) (layer F.Fab) (width 0.15))
    (fp_line (start 1.85 0.425) (end 1.5 0.425) (layer F.Fab) (width 0.15))
    (fp_line (start -1.85 0.425) (end -1.85 1.125) (layer F.Fab) (width 0.15))
    (fp_line (start -1.5 0.425) (end -1.85 0.425) (layer F.Fab) (width 0.15))
    (fp_line (start -1.5 1.125) (end -1.5 0.425) (layer F.Fab) (width 0.15))
    (fp_line (start -1.85 1.125) (end -1.5 1.125) (layer F.Fab) (width 0.15))
    (fp_line (start 0.95 -2.325) (end 0.95 -1.275) (layer F.Fab) (width 0.15))
    (fp_line (start -0.8 -2.475) (end 0.8 -2.475) (layer F.Fab) (width 0.15))
    (fp_line (start -0.95 -1.275) (end -0.95 -2.325) (layer F.Fab) (width 0.15))
    (fp_line (start 2.35 -1.275) (end -2.35 -1.275) (layer F.Fab) (width 0.15))
    (fp_line (start 2.35 0.975) (end 2.35 -1.275) (layer F.Fab) (width 0.15))
    (fp_line (start -2.35 0.975) (end 2.35 0.975) (layer F.Fab) (width 0.15))
    (fp_line (start -2.35 0.975) (end -2.35 -1.275) (layer F.Fab) (width 0.15))
    (pad 1 smd rect (at -1.675 0.825) (size 0.75 1.1) (layers F.Cu F.Paste F.Mask)
      (net 2 GND))
    (pad 2 smd rect (at 1.675 0.825) (size 0.75 1.1) (layers F.Cu F.Paste F.Mask)
      (net 32 /BTN_UP))
    (pad ~ smd rect (at -2.25 -0.475) (size 0.6 0.6) (layers F.Cu F.Paste F.Mask))
    (pad ~ smd rect (at 2.25 -0.475) (size 0.6 0.6) (layers F.Cu F.Paste F.Mask))
    (pad ~ smd rect (at 2.025 -1.075) (size 1.05 0.6) (layers F.Cu F.Paste F.Mask))
    (pad ~ smd rect (at -2.025 -1.075) (size 1.05 0.6) (layers F.Cu F.Paste F.Mask))
    (pad ~ thru_hole circle (at 0.85 -0.375) (size 0.65 0.65) (drill 0.65) (layers *.Cu *.Mask))
    (pad ~ thru_hole circle (at -0.85 -0.375) (size 0.65 0.65) (drill 0.65) (layers *.Cu *.Mask))
  )

  (module Button_Switch_SMD_Extra:KLS7-TS2402 (layer F.Cu) (tedit 59E34736) (tstamp 5BA1CE8A)
    (at 157.03 73.950001)
    (path /5D09C829/5D0FB584)
    (fp_text reference SW2 (at 0 2.25) (layer F.SilkS)
      (effects (font (size 1 1) (thickness 0.15)))
    )
    (fp_text value Btn_Down (at 0.025 -3.375) (layer F.Fab)
      (effects (font (size 1 1) (thickness 0.15)))
    )
    (fp_line (start -2.35 0.975) (end -2.35 -1.275) (layer F.Fab) (width 0.15))
    (fp_line (start -2.35 0.975) (end 2.35 0.975) (layer F.Fab) (width 0.15))
    (fp_line (start 2.35 0.975) (end 2.35 -1.275) (layer F.Fab) (width 0.15))
    (fp_line (start 2.35 -1.275) (end -2.35 -1.275) (layer F.Fab) (width 0.15))
    (fp_line (start -0.95 -1.275) (end -0.95 -2.325) (layer F.Fab) (width 0.15))
    (fp_line (start -0.8 -2.475) (end 0.8 -2.475) (layer F.Fab) (width 0.15))
    (fp_line (start 0.95 -2.325) (end 0.95 -1.275) (layer F.Fab) (width 0.15))
    (fp_line (start -1.85 1.125) (end -1.5 1.125) (layer F.Fab) (width 0.15))
    (fp_line (start -1.5 1.125) (end -1.5 0.425) (layer F.Fab) (width 0.15))
    (fp_line (start -1.5 0.425) (end -1.85 0.425) (layer F.Fab) (width 0.15))
    (fp_line (start -1.85 0.425) (end -1.85 1.125) (layer F.Fab) (width 0.15))
    (fp_line (start 1.85 0.425) (end 1.5 0.425) (layer F.Fab) (width 0.15))
    (fp_line (start 1.5 0.425) (end 1.5 1.125) (layer F.Fab) (width 0.15))
    (fp_line (start 1.5 1.125) (end 1.85 1.125) (layer F.Fab) (width 0.15))
    (fp_line (start 1.85 1.125) (end 1.85 0.425) (layer F.Fab) (width 0.15))
    (fp_line (start 2.15 0.975) (end 2.35 0.975) (layer F.SilkS) (width 0.15))
    (fp_line (start 1.4 -1.275) (end -1.4 -1.275) (layer F.SilkS) (width 0.15))
    (fp_line (start -2.35 0.975) (end -2.35 -0.075) (layer F.SilkS) (width 0.15))
    (fp_line (start 2.35 0.975) (end 2.35 -0.075) (layer F.SilkS) (width 0.15))
    (fp_line (start -2.35 0.975) (end -2.15 0.975) (layer F.SilkS) (width 0.15))
    (fp_line (start -1.2 0.975) (end 1.2 0.975) (layer F.SilkS) (width 0.15))
    (fp_arc (start 0.8 -2.325) (end 0.95 -2.325) (angle -90) (layer F.Fab) (width 0.15))
    (fp_arc (start -0.8 -2.325) (end -0.8 -2.475) (angle -90) (layer F.Fab) (width 0.15))
    (pad ~ thru_hole circle (at -0.85 -0.375) (size 0.65 0.65) (drill 0.65) (layers *.Cu *.Mask))
    (pad ~ thru_hole circle (at 0.85 -0.375) (size 0.65 0.65) (drill 0.65) (layers *.Cu *.Mask))
    (pad ~ smd rect (at -2.025 -1.075) (size 1.05 0.6) (layers F.Cu F.Paste F.Mask))
    (pad ~ smd rect (at 2.025 -1.075) (size 1.05 0.6) (layers F.Cu F.Paste F.Mask))
    (pad ~ smd rect (at 2.25 -0.475) (size 0.6 0.6) (layers F.Cu F.Paste F.Mask))
    (pad ~ smd rect (at -2.25 -0.475) (size 0.6 0.6) (layers F.Cu F.Paste F.Mask))
    (pad 2 smd rect (at 1.675 0.825) (size 0.75 1.1) (layers F.Cu F.Paste F.Mask)
      (net 33 /BTN_DOWN))
    (pad 1 smd rect (at -1.675 0.825) (size 0.75 1.1) (layers F.Cu F.Paste F.Mask)
      (net 2 GND))
  )

  (module Button_Switch_SMD_Extra:KLS7-TS2402 (layer F.Cu) (tedit 59E34736) (tstamp 5BA1CE67)
    (at 148.48 86.550001)
    (path /5D09C829/5D0FB574)
    (fp_text reference SW3 (at 0 2.25) (layer F.SilkS)
      (effects (font (size 1 1) (thickness 0.15)))
    )
    (fp_text value Btn_Select (at 0.025 -3.375) (layer F.Fab)
      (effects (font (size 1 1) (thickness 0.15)))
    )
    (fp_arc (start -0.8 -2.325) (end -0.8 -2.475) (angle -90) (layer F.Fab) (width 0.15))
    (fp_arc (start 0.8 -2.325) (end 0.95 -2.325) (angle -90) (layer F.Fab) (width 0.15))
    (fp_line (start -1.2 0.975) (end 1.2 0.975) (layer F.SilkS) (width 0.15))
    (fp_line (start -2.35 0.975) (end -2.15 0.975) (layer F.SilkS) (width 0.15))
    (fp_line (start 2.35 0.975) (end 2.35 -0.075) (layer F.SilkS) (width 0.15))
    (fp_line (start -2.35 0.975) (end -2.35 -0.075) (layer F.SilkS) (width 0.15))
    (fp_line (start 1.4 -1.275) (end -1.4 -1.275) (layer F.SilkS) (width 0.15))
    (fp_line (start 2.15 0.975) (end 2.35 0.975) (layer F.SilkS) (width 0.15))
    (fp_line (start 1.85 1.125) (end 1.85 0.425) (layer F.Fab) (width 0.15))
    (fp_line (start 1.5 1.125) (end 1.85 1.125) (layer F.Fab) (width 0.15))
    (fp_line (start 1.5 0.425) (end 1.5 1.125) (layer F.Fab) (width 0.15))
    (fp_line (start 1.85 0.425) (end 1.5 0.425) (layer F.Fab) (width 0.15))
    (fp_line (start -1.85 0.425) (end -1.85 1.125) (layer F.Fab) (width 0.15))
    (fp_line (start -1.5 0.425) (end -1.85 0.425) (layer F.Fab) (width 0.15))
    (fp_line (start -1.5 1.125) (end -1.5 0.425) (layer F.Fab) (width 0.15))
    (fp_line (start -1.85 1.125) (end -1.5 1.125) (layer F.Fab) (width 0.15))
    (fp_line (start 0.95 -2.325) (end 0.95 -1.275) (layer F.Fab) (width 0.15))
    (fp_line (start -0.8 -2.475) (end 0.8 -2.475) (layer F.Fab) (width 0.15))
    (fp_line (start -0.95 -1.275) (end -0.95 -2.325) (layer F.Fab) (width 0.15))
    (fp_line (start 2.35 -1.275) (end -2.35 -1.275) (layer F.Fab) (width 0.15))
    (fp_line (start 2.35 0.975) (end 2.35 -1.275) (layer F.Fab) (width 0.15))
    (fp_line (start -2.35 0.975) (end 2.35 0.975) (layer F.Fab) (width 0.15))
    (fp_line (start -2.35 0.975) (end -2.35 -1.275) (layer F.Fab) (width 0.15))
    (pad 1 smd rect (at -1.675 0.825) (size 0.75 1.1) (layers F.Cu F.Paste F.Mask)
      (net 2 GND))
    (pad 2 smd rect (at 1.675 0.825) (size 0.75 1.1) (layers F.Cu F.Paste F.Mask)
      (net 34 /BTN_SELECT))
    (pad ~ smd rect (at -2.25 -0.475) (size 0.6 0.6) (layers F.Cu F.Paste F.Mask))
    (pad ~ smd rect (at 2.25 -0.475) (size 0.6 0.6) (layers F.Cu F.Paste F.Mask))
    (pad ~ smd rect (at 2.025 -1.075) (size 1.05 0.6) (layers F.Cu F.Paste F.Mask))
    (pad ~ smd rect (at -2.025 -1.075) (size 1.05 0.6) (layers F.Cu F.Paste F.Mask))
    (pad ~ thru_hole circle (at 0.85 -0.375) (size 0.65 0.65) (drill 0.65) (layers *.Cu *.Mask))
    (pad ~ thru_hole circle (at -0.85 -0.375) (size 0.65 0.65) (drill 0.65) (layers *.Cu *.Mask))
  )

  (module Button_Switch_SMD_Extra:KLS7-TS2402 (layer F.Cu) (tedit 59E34736) (tstamp 5BA1CE44)
    (at 157.03 77.870001)
    (path /5D09C829/5D0FB594)
    (fp_text reference SW4 (at 0 2.25) (layer F.SilkS)
      (effects (font (size 1 1) (thickness 0.15)))
    )
    (fp_text value Btn_Back (at 0.025 -3.375) (layer F.Fab)
      (effects (font (size 1 1) (thickness 0.15)))
    )
    (fp_line (start -2.35 0.975) (end -2.35 -1.275) (layer F.Fab) (width 0.15))
    (fp_line (start -2.35 0.975) (end 2.35 0.975) (layer F.Fab) (width 0.15))
    (fp_line (start 2.35 0.975) (end 2.35 -1.275) (layer F.Fab) (width 0.15))
    (fp_line (start 2.35 -1.275) (end -2.35 -1.275) (layer F.Fab) (width 0.15))
    (fp_line (start -0.95 -1.275) (end -0.95 -2.325) (layer F.Fab) (width 0.15))
    (fp_line (start -0.8 -2.475) (end 0.8 -2.475) (layer F.Fab) (width 0.15))
    (fp_line (start 0.95 -2.325) (end 0.95 -1.275) (layer F.Fab) (width 0.15))
    (fp_line (start -1.85 1.125) (end -1.5 1.125) (layer F.Fab) (width 0.15))
    (fp_line (start -1.5 1.125) (end -1.5 0.425) (layer F.Fab) (width 0.15))
    (fp_line (start -1.5 0.425) (end -1.85 0.425) (layer F.Fab) (width 0.15))
    (fp_line (start -1.85 0.425) (end -1.85 1.125) (layer F.Fab) (width 0.15))
    (fp_line (start 1.85 0.425) (end 1.5 0.425) (layer F.Fab) (width 0.15))
    (fp_line (start 1.5 0.425) (end 1.5 1.125) (layer F.Fab) (width 0.15))
    (fp_line (start 1.5 1.125) (end 1.85 1.125) (layer F.Fab) (width 0.15))
    (fp_line (start 1.85 1.125) (end 1.85 0.425) (layer F.Fab) (width 0.15))
    (fp_line (start 2.15 0.975) (end 2.35 0.975) (layer F.SilkS) (width 0.15))
    (fp_line (start 1.4 -1.275) (end -1.4 -1.275) (layer F.SilkS) (width 0.15))
    (fp_line (start -2.35 0.975) (end -2.35 -0.075) (layer F.SilkS) (width 0.15))
    (fp_line (start 2.35 0.975) (end 2.35 -0.075) (layer F.SilkS) (width 0.15))
    (fp_line (start -2.35 0.975) (end -2.15 0.975) (layer F.SilkS) (width 0.15))
    (fp_line (start -1.2 0.975) (end 1.2 0.975) (layer F.SilkS) (width 0.15))
    (fp_arc (start 0.8 -2.325) (end 0.95 -2.325) (angle -90) (layer F.Fab) (width 0.15))
    (fp_arc (start -0.8 -2.325) (end -0.8 -2.475) (angle -90) (layer F.Fab) (width 0.15))
    (pad ~ thru_hole circle (at -0.85 -0.375) (size 0.65 0.65) (drill 0.65) (layers *.Cu *.Mask))
    (pad ~ thru_hole circle (at 0.85 -0.375) (size 0.65 0.65) (drill 0.65) (layers *.Cu *.Mask))
    (pad ~ smd rect (at -2.025 -1.075) (size 1.05 0.6) (layers F.Cu F.Paste F.Mask))
    (pad ~ smd rect (at 2.025 -1.075) (size 1.05 0.6) (layers F.Cu F.Paste F.Mask))
    (pad ~ smd rect (at 2.25 -0.475) (size 0.6 0.6) (layers F.Cu F.Paste F.Mask))
    (pad ~ smd rect (at -2.25 -0.475) (size 0.6 0.6) (layers F.Cu F.Paste F.Mask))
    (pad 2 smd rect (at 1.675 0.825) (size 0.75 1.1) (layers F.Cu F.Paste F.Mask)
      (net 35 /BTN_BACK))
    (pad 1 smd rect (at -1.675 0.825) (size 0.75 1.1) (layers F.Cu F.Paste F.Mask)
      (net 2 GND))
  )

  (module Buzzer_Beeper_Extra:C1026B (layer F.Cu) (tedit 59E34CE4) (tstamp 5BA1CE21)
    (at 140.861259 76.475001)
    (path /5D09C829/5D0FB5A4)
    (fp_text reference M1 (at 0 -5.85) (layer F.SilkS)
      (effects (font (size 1 1) (thickness 0.15)))
    )
    (fp_text value Vibrator (at 0 0) (layer F.Fab)
      (effects (font (size 1 1) (thickness 0.15)))
    )
    (fp_circle (center 0 0) (end 5 0) (layer F.SilkS) (width 0.15))
    (fp_line (start 1.75 10) (end 1.75 4.7) (layer F.SilkS) (width 0.15))
    (fp_line (start 1.25 10.5) (end -1.25 10.5) (layer F.SilkS) (width 0.15))
    (fp_line (start -1.75 10) (end -1.75 4.7) (layer F.SilkS) (width 0.15))
    (fp_arc (start 1.25 10) (end 1.25 10.5) (angle -90) (layer F.SilkS) (width 0.15))
    (fp_arc (start -1.25 10) (end -1.75 10) (angle -90) (layer F.SilkS) (width 0.15))
    (pad 2 smd rect (at -3.55 5.5 60) (size 1.524 1.524) (layers F.Cu F.Paste F.Mask)
      (net 112 "Net-(C18-Pad1)"))
    (pad 1 smd rect (at -5.5 3.5 35) (size 1.524 1.524) (layers F.Cu F.Paste F.Mask)
      (net 1 VDD))
  )

  (module Capacitor_SMD:C_0603_1608Metric (layer F.Cu) (tedit 5B301BBE) (tstamp 5BA1CE15)
    (at 162.465001 84.095001)
    (descr "Capacitor SMD 0603 (1608 Metric), square (rectangular) end terminal, IPC_7351 nominal, (Body size source: http://www.tortai-tech.com/upload/download/2011102023233369053.pdf), generated with kicad-footprint-generator")
    (tags capacitor)
    (path /5D09C829/5D0EC337)
    (attr smd)
    (fp_text reference C9 (at 0 -1.43) (layer F.SilkS)
      (effects (font (size 1 1) (thickness 0.15)))
    )
    (fp_text value 1uF (at 0 1.43) (layer F.Fab)
      (effects (font (size 1 1) (thickness 0.15)))
    )
    (fp_text user %R (at 0 0) (layer F.Fab)
      (effects (font (size 0.4 0.4) (thickness 0.06)))
    )
    (fp_line (start 1.48 0.73) (end -1.48 0.73) (layer F.CrtYd) (width 0.05))
    (fp_line (start 1.48 -0.73) (end 1.48 0.73) (layer F.CrtYd) (width 0.05))
    (fp_line (start -1.48 -0.73) (end 1.48 -0.73) (layer F.CrtYd) (width 0.05))
    (fp_line (start -1.48 0.73) (end -1.48 -0.73) (layer F.CrtYd) (width 0.05))
    (fp_line (start -0.162779 0.51) (end 0.162779 0.51) (layer F.SilkS) (width 0.12))
    (fp_line (start -0.162779 -0.51) (end 0.162779 -0.51) (layer F.SilkS) (width 0.12))
    (fp_line (start 0.8 0.4) (end -0.8 0.4) (layer F.Fab) (width 0.1))
    (fp_line (start 0.8 -0.4) (end 0.8 0.4) (layer F.Fab) (width 0.1))
    (fp_line (start -0.8 -0.4) (end 0.8 -0.4) (layer F.Fab) (width 0.1))
    (fp_line (start -0.8 0.4) (end -0.8 -0.4) (layer F.Fab) (width 0.1))
    (pad 2 smd roundrect (at 0.7875 0) (size 0.875 0.95) (layers F.Cu F.Paste F.Mask) (roundrect_rratio 0.25)
      (net 53 "Net-(C9-Pad2)"))
    (pad 1 smd roundrect (at -0.7875 0) (size 0.875 0.95) (layers F.Cu F.Paste F.Mask) (roundrect_rratio 0.25)
      (net 2 GND))
    (model ${KISYS3DMOD}/Capacitor_SMD.3dshapes/C_0603_1608Metric.wrl
      (at (xyz 0 0 0))
      (scale (xyz 1 1 1))
      (rotate (xyz 0 0 0))
    )
  )

  (module Capacitor_SMD:C_0603_1608Metric (layer F.Cu) (tedit 5B301BBE) (tstamp 5BA1CE04)
    (at 165.475001 81.075001)
    (descr "Capacitor SMD 0603 (1608 Metric), square (rectangular) end terminal, IPC_7351 nominal, (Body size source: http://www.tortai-tech.com/upload/download/2011102023233369053.pdf), generated with kicad-footprint-generator")
    (tags capacitor)
    (path /5D09C829/5D0FB5B3)
    (attr smd)
    (fp_text reference C18 (at 0 -1.43) (layer F.SilkS)
      (effects (font (size 1 1) (thickness 0.15)))
    )
    (fp_text value 0.1uF (at 0 1.43) (layer F.Fab)
      (effects (font (size 1 1) (thickness 0.15)))
    )
    (fp_line (start -0.8 0.4) (end -0.8 -0.4) (layer F.Fab) (width 0.1))
    (fp_line (start -0.8 -0.4) (end 0.8 -0.4) (layer F.Fab) (width 0.1))
    (fp_line (start 0.8 -0.4) (end 0.8 0.4) (layer F.Fab) (width 0.1))
    (fp_line (start 0.8 0.4) (end -0.8 0.4) (layer F.Fab) (width 0.1))
    (fp_line (start -0.162779 -0.51) (end 0.162779 -0.51) (layer F.SilkS) (width 0.12))
    (fp_line (start -0.162779 0.51) (end 0.162779 0.51) (layer F.SilkS) (width 0.12))
    (fp_line (start -1.48 0.73) (end -1.48 -0.73) (layer F.CrtYd) (width 0.05))
    (fp_line (start -1.48 -0.73) (end 1.48 -0.73) (layer F.CrtYd) (width 0.05))
    (fp_line (start 1.48 -0.73) (end 1.48 0.73) (layer F.CrtYd) (width 0.05))
    (fp_line (start 1.48 0.73) (end -1.48 0.73) (layer F.CrtYd) (width 0.05))
    (fp_text user %R (at 0 0) (layer F.Fab)
      (effects (font (size 0.4 0.4) (thickness 0.06)))
    )
    (pad 1 smd roundrect (at -0.7875 0) (size 0.875 0.95) (layers F.Cu F.Paste F.Mask) (roundrect_rratio 0.25)
      (net 112 "Net-(C18-Pad1)"))
    (pad 2 smd roundrect (at 0.7875 0) (size 0.875 0.95) (layers F.Cu F.Paste F.Mask) (roundrect_rratio 0.25)
      (net 1 VDD))
    (model ${KISYS3DMOD}/Capacitor_SMD.3dshapes/C_0603_1608Metric.wrl
      (at (xyz 0 0 0))
      (scale (xyz 1 1 1))
      (rotate (xyz 0 0 0))
    )
  )

  (module Capacitor_SMD:C_0603_1608Metric (layer F.Cu) (tedit 5B301BBE) (tstamp 5BA1CDF3)
    (at 155.525001 91.325001)
    (descr "Capacitor SMD 0603 (1608 Metric), square (rectangular) end terminal, IPC_7351 nominal, (Body size source: http://www.tortai-tech.com/upload/download/2011102023233369053.pdf), generated with kicad-footprint-generator")
    (tags capacitor)
    (path /5D09C829/5D0EC3A9)
    (attr smd)
    (fp_text reference C17 (at 0 -1.43) (layer F.SilkS)
      (effects (font (size 1 1) (thickness 0.15)))
    )
    (fp_text value 1uF (at 0 1.43) (layer F.Fab)
      (effects (font (size 1 1) (thickness 0.15)))
    )
    (fp_text user %R (at 0 0) (layer F.Fab)
      (effects (font (size 0.4 0.4) (thickness 0.06)))
    )
    (fp_line (start 1.48 0.73) (end -1.48 0.73) (layer F.CrtYd) (width 0.05))
    (fp_line (start 1.48 -0.73) (end 1.48 0.73) (layer F.CrtYd) (width 0.05))
    (fp_line (start -1.48 -0.73) (end 1.48 -0.73) (layer F.CrtYd) (width 0.05))
    (fp_line (start -1.48 0.73) (end -1.48 -0.73) (layer F.CrtYd) (width 0.05))
    (fp_line (start -0.162779 0.51) (end 0.162779 0.51) (layer F.SilkS) (width 0.12))
    (fp_line (start -0.162779 -0.51) (end 0.162779 -0.51) (layer F.SilkS) (width 0.12))
    (fp_line (start 0.8 0.4) (end -0.8 0.4) (layer F.Fab) (width 0.1))
    (fp_line (start 0.8 -0.4) (end 0.8 0.4) (layer F.Fab) (width 0.1))
    (fp_line (start -0.8 -0.4) (end 0.8 -0.4) (layer F.Fab) (width 0.1))
    (fp_line (start -0.8 0.4) (end -0.8 -0.4) (layer F.Fab) (width 0.1))
    (pad 2 smd roundrect (at 0.7875 0) (size 0.875 0.95) (layers F.Cu F.Paste F.Mask) (roundrect_rratio 0.25)
      (net 114 /Peripherals/PREVGL))
    (pad 1 smd roundrect (at -0.7875 0) (size 0.875 0.95) (layers F.Cu F.Paste F.Mask) (roundrect_rratio 0.25)
      (net 2 GND))
    (model ${KISYS3DMOD}/Capacitor_SMD.3dshapes/C_0603_1608Metric.wrl
      (at (xyz 0 0 0))
      (scale (xyz 1 1 1))
      (rotate (xyz 0 0 0))
    )
  )

  (module Capacitor_SMD:C_0603_1608Metric (layer F.Cu) (tedit 5B301BBE) (tstamp 5BA1CDE2)
    (at 158.555001 88.075001)
    (descr "Capacitor SMD 0603 (1608 Metric), square (rectangular) end terminal, IPC_7351 nominal, (Body size source: http://www.tortai-tech.com/upload/download/2011102023233369053.pdf), generated with kicad-footprint-generator")
    (tags capacitor)
    (path /5D09C829/5D0EC443)
    (attr smd)
    (fp_text reference C16 (at 0 -1.43) (layer F.SilkS)
      (effects (font (size 1 1) (thickness 0.15)))
    )
    (fp_text value 1uF (at 0 1.43) (layer F.Fab)
      (effects (font (size 1 1) (thickness 0.15)))
    )
    (fp_line (start -0.8 0.4) (end -0.8 -0.4) (layer F.Fab) (width 0.1))
    (fp_line (start -0.8 -0.4) (end 0.8 -0.4) (layer F.Fab) (width 0.1))
    (fp_line (start 0.8 -0.4) (end 0.8 0.4) (layer F.Fab) (width 0.1))
    (fp_line (start 0.8 0.4) (end -0.8 0.4) (layer F.Fab) (width 0.1))
    (fp_line (start -0.162779 -0.51) (end 0.162779 -0.51) (layer F.SilkS) (width 0.12))
    (fp_line (start -0.162779 0.51) (end 0.162779 0.51) (layer F.SilkS) (width 0.12))
    (fp_line (start -1.48 0.73) (end -1.48 -0.73) (layer F.CrtYd) (width 0.05))
    (fp_line (start -1.48 -0.73) (end 1.48 -0.73) (layer F.CrtYd) (width 0.05))
    (fp_line (start 1.48 -0.73) (end 1.48 0.73) (layer F.CrtYd) (width 0.05))
    (fp_line (start 1.48 0.73) (end -1.48 0.73) (layer F.CrtYd) (width 0.05))
    (fp_text user %R (at 0 0) (layer F.Fab)
      (effects (font (size 0.4 0.4) (thickness 0.06)))
    )
    (pad 1 smd roundrect (at -0.7875 0) (size 0.875 0.95) (layers F.Cu F.Paste F.Mask) (roundrect_rratio 0.25)
      (net 2 GND))
    (pad 2 smd roundrect (at 0.7875 0) (size 0.875 0.95) (layers F.Cu F.Paste F.Mask) (roundrect_rratio 0.25)
      (net 115 /Peripherals/PREVGH))
    (model ${KISYS3DMOD}/Capacitor_SMD.3dshapes/C_0603_1608Metric.wrl
      (at (xyz 0 0 0))
      (scale (xyz 1 1 1))
      (rotate (xyz 0 0 0))
    )
  )

  (module Capacitor_SMD:C_0603_1608Metric (layer F.Cu) (tedit 5B301BBE) (tstamp 5BA1CDD1)
    (at 155.525001 89.815001)
    (descr "Capacitor SMD 0603 (1608 Metric), square (rectangular) end terminal, IPC_7351 nominal, (Body size source: http://www.tortai-tech.com/upload/download/2011102023233369053.pdf), generated with kicad-footprint-generator")
    (tags capacitor)
    (path /5D09C829/5D0EC3B7)
    (attr smd)
    (fp_text reference C15 (at 0 -1.43) (layer F.SilkS)
      (effects (font (size 1 1) (thickness 0.15)))
    )
    (fp_text value 1uF (at 0 1.43) (layer F.Fab)
      (effects (font (size 1 1) (thickness 0.15)))
    )
    (fp_text user %R (at 0 0) (layer F.Fab)
      (effects (font (size 0.4 0.4) (thickness 0.06)))
    )
    (fp_line (start 1.48 0.73) (end -1.48 0.73) (layer F.CrtYd) (width 0.05))
    (fp_line (start 1.48 -0.73) (end 1.48 0.73) (layer F.CrtYd) (width 0.05))
    (fp_line (start -1.48 -0.73) (end 1.48 -0.73) (layer F.CrtYd) (width 0.05))
    (fp_line (start -1.48 0.73) (end -1.48 -0.73) (layer F.CrtYd) (width 0.05))
    (fp_line (start -0.162779 0.51) (end 0.162779 0.51) (layer F.SilkS) (width 0.12))
    (fp_line (start -0.162779 -0.51) (end 0.162779 -0.51) (layer F.SilkS) (width 0.12))
    (fp_line (start 0.8 0.4) (end -0.8 0.4) (layer F.Fab) (width 0.1))
    (fp_line (start 0.8 -0.4) (end 0.8 0.4) (layer F.Fab) (width 0.1))
    (fp_line (start -0.8 -0.4) (end 0.8 -0.4) (layer F.Fab) (width 0.1))
    (fp_line (start -0.8 0.4) (end -0.8 -0.4) (layer F.Fab) (width 0.1))
    (pad 2 smd roundrect (at 0.7875 0) (size 0.875 0.95) (layers F.Cu F.Paste F.Mask) (roundrect_rratio 0.25)
      (net 117 "Net-(C15-Pad2)"))
    (pad 1 smd roundrect (at -0.7875 0) (size 0.875 0.95) (layers F.Cu F.Paste F.Mask) (roundrect_rratio 0.25)
      (net 2 GND))
    (model ${KISYS3DMOD}/Capacitor_SMD.3dshapes/C_0603_1608Metric.wrl
      (at (xyz 0 0 0))
      (scale (xyz 1 1 1))
      (rotate (xyz 0 0 0))
    )
  )

  (module Capacitor_SMD:C_0603_1608Metric (layer F.Cu) (tedit 5B301BBE) (tstamp 5BA1CDC0)
    (at 165.475001 79.565001)
    (descr "Capacitor SMD 0603 (1608 Metric), square (rectangular) end terminal, IPC_7351 nominal, (Body size source: http://www.tortai-tech.com/upload/download/2011102023233369053.pdf), generated with kicad-footprint-generator")
    (tags capacitor)
    (path /5D09C829/5D0EC39A)
    (attr smd)
    (fp_text reference C14 (at 0 -1.43) (layer F.SilkS)
      (effects (font (size 1 1) (thickness 0.15)))
    )
    (fp_text value 1uF (at 0 1.43) (layer F.Fab)
      (effects (font (size 1 1) (thickness 0.15)))
    )
    (fp_line (start -0.8 0.4) (end -0.8 -0.4) (layer F.Fab) (width 0.1))
    (fp_line (start -0.8 -0.4) (end 0.8 -0.4) (layer F.Fab) (width 0.1))
    (fp_line (start 0.8 -0.4) (end 0.8 0.4) (layer F.Fab) (width 0.1))
    (fp_line (start 0.8 0.4) (end -0.8 0.4) (layer F.Fab) (width 0.1))
    (fp_line (start -0.162779 -0.51) (end 0.162779 -0.51) (layer F.SilkS) (width 0.12))
    (fp_line (start -0.162779 0.51) (end 0.162779 0.51) (layer F.SilkS) (width 0.12))
    (fp_line (start -1.48 0.73) (end -1.48 -0.73) (layer F.CrtYd) (width 0.05))
    (fp_line (start -1.48 -0.73) (end 1.48 -0.73) (layer F.CrtYd) (width 0.05))
    (fp_line (start 1.48 -0.73) (end 1.48 0.73) (layer F.CrtYd) (width 0.05))
    (fp_line (start 1.48 0.73) (end -1.48 0.73) (layer F.CrtYd) (width 0.05))
    (fp_text user %R (at 0 0) (layer F.Fab)
      (effects (font (size 0.4 0.4) (thickness 0.06)))
    )
    (pad 1 smd roundrect (at -0.7875 0) (size 0.875 0.95) (layers F.Cu F.Paste F.Mask) (roundrect_rratio 0.25)
      (net 2 GND))
    (pad 2 smd roundrect (at 0.7875 0) (size 0.875 0.95) (layers F.Cu F.Paste F.Mask) (roundrect_rratio 0.25)
      (net 17 "Net-(C14-Pad2)"))
    (model ${KISYS3DMOD}/Capacitor_SMD.3dshapes/C_0603_1608Metric.wrl
      (at (xyz 0 0 0))
      (scale (xyz 1 1 1))
      (rotate (xyz 0 0 0))
    )
  )

  (module Capacitor_SMD:C_0603_1608Metric (layer F.Cu) (tedit 5B301BBE) (tstamp 5BA1CDAF)
    (at 162.005001 85.605001)
    (descr "Capacitor SMD 0603 (1608 Metric), square (rectangular) end terminal, IPC_7351 nominal, (Body size source: http://www.tortai-tech.com/upload/download/2011102023233369053.pdf), generated with kicad-footprint-generator")
    (tags capacitor)
    (path /5D09C829/5D0EC38A)
    (attr smd)
    (fp_text reference C13 (at 0 -1.43) (layer F.SilkS)
      (effects (font (size 1 1) (thickness 0.15)))
    )
    (fp_text value 1uF (at 0 1.43) (layer F.Fab)
      (effects (font (size 1 1) (thickness 0.15)))
    )
    (fp_text user %R (at 0 0) (layer F.Fab)
      (effects (font (size 0.4 0.4) (thickness 0.06)))
    )
    (fp_line (start 1.48 0.73) (end -1.48 0.73) (layer F.CrtYd) (width 0.05))
    (fp_line (start 1.48 -0.73) (end 1.48 0.73) (layer F.CrtYd) (width 0.05))
    (fp_line (start -1.48 -0.73) (end 1.48 -0.73) (layer F.CrtYd) (width 0.05))
    (fp_line (start -1.48 0.73) (end -1.48 -0.73) (layer F.CrtYd) (width 0.05))
    (fp_line (start -0.162779 0.51) (end 0.162779 0.51) (layer F.SilkS) (width 0.12))
    (fp_line (start -0.162779 -0.51) (end 0.162779 -0.51) (layer F.SilkS) (width 0.12))
    (fp_line (start 0.8 0.4) (end -0.8 0.4) (layer F.Fab) (width 0.1))
    (fp_line (start 0.8 -0.4) (end 0.8 0.4) (layer F.Fab) (width 0.1))
    (fp_line (start -0.8 -0.4) (end 0.8 -0.4) (layer F.Fab) (width 0.1))
    (fp_line (start -0.8 0.4) (end -0.8 -0.4) (layer F.Fab) (width 0.1))
    (pad 2 smd roundrect (at 0.7875 0) (size 0.875 0.95) (layers F.Cu F.Paste F.Mask) (roundrect_rratio 0.25)
      (net 52 "Net-(C13-Pad2)"))
    (pad 1 smd roundrect (at -0.7875 0) (size 0.875 0.95) (layers F.Cu F.Paste F.Mask) (roundrect_rratio 0.25)
      (net 2 GND))
    (model ${KISYS3DMOD}/Capacitor_SMD.3dshapes/C_0603_1608Metric.wrl
      (at (xyz 0 0 0))
      (scale (xyz 1 1 1))
      (rotate (xyz 0 0 0))
    )
  )

  (module Capacitor_SMD:C_0603_1608Metric (layer F.Cu) (tedit 5B301BBE) (tstamp 5BA1CD9E)
    (at 162.465001 82.585001)
    (descr "Capacitor SMD 0603 (1608 Metric), square (rectangular) end terminal, IPC_7351 nominal, (Body size source: http://www.tortai-tech.com/upload/download/2011102023233369053.pdf), generated with kicad-footprint-generator")
    (tags capacitor)
    (path /5D09C829/5D0EC37B)
    (attr smd)
    (fp_text reference C12 (at 0 -1.43) (layer F.SilkS)
      (effects (font (size 1 1) (thickness 0.15)))
    )
    (fp_text value 1uF (at 0 1.43) (layer F.Fab)
      (effects (font (size 1 1) (thickness 0.15)))
    )
    (fp_line (start -0.8 0.4) (end -0.8 -0.4) (layer F.Fab) (width 0.1))
    (fp_line (start -0.8 -0.4) (end 0.8 -0.4) (layer F.Fab) (width 0.1))
    (fp_line (start 0.8 -0.4) (end 0.8 0.4) (layer F.Fab) (width 0.1))
    (fp_line (start 0.8 0.4) (end -0.8 0.4) (layer F.Fab) (width 0.1))
    (fp_line (start -0.162779 -0.51) (end 0.162779 -0.51) (layer F.SilkS) (width 0.12))
    (fp_line (start -0.162779 0.51) (end 0.162779 0.51) (layer F.SilkS) (width 0.12))
    (fp_line (start -1.48 0.73) (end -1.48 -0.73) (layer F.CrtYd) (width 0.05))
    (fp_line (start -1.48 -0.73) (end 1.48 -0.73) (layer F.CrtYd) (width 0.05))
    (fp_line (start 1.48 -0.73) (end 1.48 0.73) (layer F.CrtYd) (width 0.05))
    (fp_line (start 1.48 0.73) (end -1.48 0.73) (layer F.CrtYd) (width 0.05))
    (fp_text user %R (at 0 0) (layer F.Fab)
      (effects (font (size 0.4 0.4) (thickness 0.06)))
    )
    (pad 1 smd roundrect (at -0.7875 0) (size 0.875 0.95) (layers F.Cu F.Paste F.Mask) (roundrect_rratio 0.25)
      (net 2 GND))
    (pad 2 smd roundrect (at 0.7875 0) (size 0.875 0.95) (layers F.Cu F.Paste F.Mask) (roundrect_rratio 0.25)
      (net 51 "Net-(C12-Pad2)"))
    (model ${KISYS3DMOD}/Capacitor_SMD.3dshapes/C_0603_1608Metric.wrl
      (at (xyz 0 0 0))
      (scale (xyz 1 1 1))
      (rotate (xyz 0 0 0))
    )
  )

  (module Capacitor_SMD:C_0603_1608Metric (layer F.Cu) (tedit 5B301BBE) (tstamp 5BA1CD8D)
    (at 158.995001 86.035001)
    (descr "Capacitor SMD 0603 (1608 Metric), square (rectangular) end terminal, IPC_7351 nominal, (Body size source: http://www.tortai-tech.com/upload/download/2011102023233369053.pdf), generated with kicad-footprint-generator")
    (tags capacitor)
    (path /5D09C829/5D0EC36C)
    (attr smd)
